985
985
985
985
985
980
980
980
980
980
980
983
983
983
983
983
969
969
969
969
969
972
972
972
972
972
972
976
976
976
976
976
969
969
969
969
969
976
976
976
976
976
976
967
967
967
967
967
961
961
961
961
961
982
982
982
982
982
982
959
959
959
959
959
971
971
971
971
971
988
988
988
988
988
988
974
974
974
974
974
970
970
970
970
970
982
982
982
982
982
982
961
961
961
961
961
970
970
970
970
970
965
965
965
965
965
965
971
971
971
971
971
974
974
974
974
974
963
963
963
963
963
963
975
975
975
975
975
962
962
962
962
962
951
951
951
951
951
951
973
973
973
973
973
964
964
964
964
964
968
968
968
968
968
968
973
973
973
973
973
963
963
963
963
963
980
980
980
980
980
980
963
963
963
963
963
971
971
971
971
971
980
980
980
980
980
980
974
974
974
974
974
976
976
976
976
976
988
988
988
988
988
988
975
975
975
975
975
997
997
997
997
997
979
979
979
979
979
979
972
972
972
972
972
973
973
973
973
973
960
960
960
960
960
960
983
983
983
983
983
979
979
979
979
979
971
971
971
971
971
971
962
962
962
962
962
970
970
970
970
970
957
957
957
957
957
957
970
970
970
970
970
970
970
970
970
970
968
968
968
968
968
968
967
967
967
967
967
966
966
966
966
966
985
985
985
985
985
985
979
979
979
979
979
962
962
962
962
962
970
970
970
970
970
970
959
959
959
959
959
976
976
976
976
976
988
988
988
988
988
988
971
971
971
971
971
976
976
976
976
976
982
982
982
982
982
982
970
970
970
970
970
981
981
981
981
981
951
951
951
951
951
951
961
961
961
961
961
968
968
968
968
968
982
982
982
982
982
982
975
975
975
975
975
976
976
976
976
976
977
977
977
977
977
977
978
978
978
978
978
966
966
966
966
966
968
968
968
968
968
968
965
965
965
965
965
965
965
965
965
965
967
967
967
967
967
967
979
979
979
979
979
962
962
962
962
962
975
975
975
975
975
975
973
973
973
973
973
974
974
974
974
974
980
980
980
980
980
980
975
975
975
975
975
970
970
970
970
970
990
990
990
990
990
990
977
977
977
977
977
984
984
984
984
984
976
976
976
976
976
976
975
975
975
975
975
969
969
969
969
969
973
973
973
973
973
973
971
971
971
971
971
975
975
975
975
975
969
969
969
969
969
969
986
986
986
986
986
1008
1008
1008
1008
1008
975
975
975
975
975
975
968
968
968
968
968
983
983
983
983
983
984
984
984
984
984
984
981
981
981
981
981
969
969
969
969
969
960
960
960
960
960
960
979
979
979
979
979
980
980
980
980
980
985
985
985
985
985
985
970
970
970
970
970
973
973
973
973
973
974
974
974
974
974
974
973
973
973
973
973
968
968
968
968
968
981
981
981
981
981
981
967
967
967
967
967
977
977
977
977
977
982
982
982
982
982
982
963
963
963
963
963
982
982
982
982
982
975
975
975
975
975
975
979
979
979
979
979
977
977
977
977
977
974
974
974
974
974
974
972
972
972
972
972
974
974
974
974
974
977
977
977
977
977
977
967
967
967
967
967
960
960
960
960
960
961
961
961
961
961
961
975
975
975
975
975
958
958
958
958
958
979
979
979
979
979
979
974
974
974
974
974
978
978
978
978
978
979
979
979
979
979
979
955
955
955
955
955
979
979
979
979
979
974
974
974
974
974
974
966
966
966
966
966
965
965
965
965
965
982
982
982
982
982
982
964
964
964
964
964
977
977
977
977
977
968
968
968
968
968
968
977
977
977
977
977
992
992
992
992
992
958
958
958
958
958
958
980
980
980
980
980
967
967
967
967
967
970
970
970
970
970
970
990
990
990
990
990
976
976
976
976
976
967
967
967
967
967
967
986
986
986
986
986
967
967
967
967
967
965
965
965
965
965
965
964
964
964
964
964
971
971
971
971
971
982
982
982
982
982
982
952
952
952
952
952
981
981
981
981
981
967
967
967
967
967
967
993
993
993
993
993
962
962
962
962
962
966
966
966
966
966
966
966
966
966
966
966
983
983
983
983
983
982
982
982
982
982
982
982
982
982
982
982
965
965
965
965
965
959
959
959
959
959
959
961
961
961
961
961
966
966
966
966
966
986
986
986
986
986
986
976
976
976
976
976
971
971
971
971
971
979
979
979
979
979
979
978
978
978
978
978
972
972
972
972
972
964
964
964
964
964
964
983
983
983
983
983
971
971
971
971
971
986
986
986
986
986
986
972
972
972
972
972
989
989
989
989
989
963
963
963
963
963
963
984
984
984
984
984
981
981
981
981
981
976
976
976
976
976
976
989
989
989
989
989
977
977
977
977
977
972
972
972
972
972
972
983
983
983
983
983
977
977
977
977
977
972
972
972
972
972
972
984
984
984
984
984
965
965
965
965
965
970
970
970
970
970
970
970
970
970
970
970
973
973
973
973
973
969
969
969
969
969
969
971
971
971
971
971
973
973
973
973
973
981
981
981
981
981
981
987
987
987
987
987
978
978
978
978
978
994
994
994
994
994
994
970
970
970
970
970
986
986
986
986
986
980
980
980
980
980
980
970
970
970
970
970
987
987
987
987
987
962
962
962
962
962
962
983
983
983
983
983
986
986
986
986
986
985
985
985
985
985
985
970
970
970
970
970
992
992
992
992
992
961
961
961
961
961
961
984
984
984
984
984
997
997
997
997
997
978
978
978
978
978
978
982
982
982
982
982
965
965
965
965
965
985
985
985
985
985
985
967
967
967
967
967
985
985
985
985
985
965
965
965
965
965
965
989
989
989
989
989
991
991
991
991
991
973
973
973
973
973
973
983
983
983
983
983
976
976
976
976
976
984
984
984
984
984
984
967
967
967
967
967
1004
1004
1004
1004
1004
946
946
946
946
946
946
1003
1003
1003
1003
1003
969
969
969
969
969
973
973
973
973
973
973
982
982
982
982
982
982
982
982
982
982
992
992
992
992
992
992
970
970
970
970
970
1000
1000
1000
1000
1000
973
973
973
973
973
973
977
977
977
977
977
982
982
982
982
982
986
986
986
986
986
986
975
975
975
975
975
969
969
969
969
969
977
977
977
977
977
977
962
962
962
962
962
998
998
998
998
998
965
965
965
965
965
965
1020
1020
1020
1020
1020
961
961
961
961
961
980
980
980
980
980
980
975
975
975
975
975
961
961
961
961
961
992
992
992
992
992
992
950
950
950
950
950
983
983
983
983
983
938
938
938
938
938
938
856
856
856
856
856
744
744
744
744
744
673
673
673
673
673
673
621
621
621
621
621
634
634
634
634
634
646
646
646
646
646
646
667
667
667
667
667
766
766
766
766
766
970
970
970
970
970
970
1430
1430
1430
1430
1430
1826
1826
1826
1826
1826
2042
2042
2042
2042
2042
2042
1959
1959
1959
1959
1959
1732
1732
1732
1732
1732
1443
1443
1443
1443
1443
1443
1155
1155
1155
1155
1155
1014
1014
1014
1014
1014
981
981
981
981
981
981
1049
1049
1049
1049
1049
1115
1115
1115
1115
1115
1280
1280
1280
1280
1280
1280
1495
1495
1495
1495
1495
1676
1676
1676
1676
1676
1751
1751
1751
1751
1751
1751
1660
1660
1660
1660
1660
1410
1410
1410
1410
1410
1078
1078
1078
1078
1078
1078
814
814
814
814
814
698
698
698
698
698
667
667
667
667
667
667
656
656
656
656
656
667
667
667
667
667
696
696
696
696
696
696
769
769
769
769
769
891
891
891
891
891
1016
1016
1016
1016
1016
1016
1062
1062
1062
1062
1062
957
957
957
957
957
781
781
781
781
781
781
692
692
692
692
692
651
651
651
651
651
612
612
612
612
612
612
644
644
644
644
644
677
677
677
677
677
823
823
823
823
823
823
1184
1184
1184
1184
1184
1643
1643
1643
1643
1643
2088
2088
2088
2088
2088
2088
2380
2380
2380
2380
2380
2456
2456
2456
2456
2456
2332
2332
2332
2332
2332
2332
2030
2030
2030
2030
2030
1729
1729
1729
1729
1729
1367
1367
1367
1367
1367
1367
1015
1015
1015
1015
1015
854
854
854
854
854
779
779
779
779
779
779
746
746
746
746
746
725
725
725
725
725
737
737
737
737
737
737
768
768
768
768
768
842
842
842
842
842
944
944
944
944
944
944
1054
1054
1054
1054
1054
1138
1138
1138
1138
1138
1119
1119
1119
1119
1119
1119
1073
1073
1073
1073
1073
995
995
995
995
995
910
910
910
910
910
910
886
886
886
886
886
858
858
858
858
858
890
890
890
890
890
890
966
966
966
966
966
1058
1058
1058
1058
1058
1139
1139
1139
1139
1139
1139
1129
1129
1129
1129
1129
1091
1091
1091
1091
1091
1013
1013
1013
1013
1013
1013
951
951
951
951
951
921
921
921
921
921
898
898
898
898
898
898
926
926
926
926
926
982
982
982
982
982
1066
1066
1066
1066
1066
1066
1113
1113
1113
1113
1113
1134
1134
1134
1134
1134
1093
1093
1093
1093
1093
1093
1048
1048
1048
1048
1048
932
932
932
932
932
865
865
865
865
865
865
816
816
816
816
816
787
787
787
787
787
789
789
789
789
789
789
783
783
783
783
783
830
830
830
830
830
879
879
879
879
879
879
979
979
979
979
979
1081
1081
1081
1081
1081
1155
1155
1155
1155
1155
1155
1134
1134
1134
1134
1134
1095
1095
1095
1095
1095
1041
1041
1041
1041
1041
1041
952
952
952
952
952
868
868
868
868
868
824
824
824
824
824
824
800
800
800
800
800
843
843
843
843
843
925
925
925
925
925
925
1089
1089
1089
1089
1089
1252
1252
1252
1252
1252
1383
1383
1383
1383
1383
1383
1460
1460
1460
1460
1460
1466
1466
1466
1466
1466
1356
1356
1356
1356
1356
1356
1206
1206
1206
1206
1206
1055
1055
1055
1055
1055
941
941
941
941
941
941
871
871
871
871
871
842
842
842
842
842
846
846
846
846
846
846
889
889
889
889
889
949
949
949
949
949
1028
1028
1028
1028
1028
1028
1073
1073
1073
1073
1073
1133
1133
1133
1133
1133
1105
1105
1105
1105
1105
1105
1017
1017
1017
1017
1017
896
896
896
896
896
816
816
816
816
816
816
749
749
749
749
749
714
714
714
714
714
720
720
720
720
720
720
742
742
742
742
742
812
812
812
812
812
848
848
848
848
848
848
931
931
931
931
931
1012
1012
1012
1012
1012
1047
1047
1047
1047
1047
1047
1052
1052
1052
1052
1052
1035
1035
1035
1035
1035
1009
1009
1009
1009
1009
1009
1029
1029
1029
1029
1029
1042
1042
1042
1042
1042
1094
1094
1094
1094
1094
1094
1167
1167
1167
1167
1167
1196
1196
1196
1196
1196
1241
1241
1241
1241
1241
1241
1244
1244
1244
1244
1244
1218
1218
1218
1218
1218
1138
1138
1138
1138
1138
1138
1065
1065
1065
1065
1065
964
964
964
964
964
875
875
875
875
875
875
826
826
826
826
826
798
798
798
798
798
789
789
789
789
789
789
823
823
823
823
823
853
853
853
853
853
898
898
898
898
898
898
988
988
988
988
988
1052
1052
1052
1052
1052
1114
1114
1114
1114
1114
1114
1152
1152
1152
1152
1152
1128
1128
1128
1128
1128
1053
1053
1053
1053
1053
1053
965
965
965
965
965
902
902
902
902
902
862
862
862
862
862
862
857
857
857
857
857
860
860
860
860
860
869
869
869
869
869
869
865
865
865
865
865
864
864
864
864
864
917
917
917
917
917
917
917
917
917
917
917
949
949
949
949
949
946
946
946
946
946
946
972
972
972
972
972
995
995
995
995
995
993
993
993
993
993
993
1009
1009
1009
1009
1009
1045
1045
1045
1045
1045
1037
1037
1037
1037
1037
1037
1032
1032
1032
1032
1032
1028
1028
1028
1028
1028
1029
1029
1029
1029
1029
1029
1077
1077
1077
1077
1077
1088
1088
1088
1088
1088
1054
1054
1054
1054
1054
1054
1030
1030
1030
1030
1030
963
963
963
963
963
927
927
927
927
927
927
888
888
888
888
888
885
885
885
885
885
868
868
868
868
868
868
856
856
856
856
856
860
860
860
860
860
874
874
874
874
874
874
908
908
908
908
908
974
974
974
974
974
1009
1009
1009
1009
1009
1009
1073
1073
1073
1073
1073
1058
1058
1058
1058
1058
1122
1122
1122
1122
1122
1122
1148
1148
1148
1148
1148
1155
1155
1155
1155
1155
1117
1117
1117
1117
1117
1117
1073
1073
1073
1073
1073
1009
1009
1009
1009
1009
931
931
931
931
931
931
888
888
888
888
888
859
859
859
859
859
847
847
847
847
847
847
860
860
860
860
860
847
847
847
847
847
876
876
876
876
876
876
920
920
920
920
920
950
950
950
950
950
970
970
970
970
970
970
1031
1031
1031
1031
1031
1044
1044
1044
1044
1044
1115
1115
1115
1115
1115
1115
1087
1087
1087
1087
1087
1104
1104
1104
1104
1104
1155
1155
1155
1155
1155
1155
1126
1126
1126
1126
1126
1123
1123
1123
1123
1123
1085
1085
1085
1085
1085
1085
1038
1038
1038
1038
1038
983
983
983
983
983
931
931
931
931
931
931
879
879
879
879
879
863
863
863
863
863
863
863
863
863
863
863
864
864
864
864
864
862
862
862
862
862
896
896
896
896
896
896
935
935
935
935
935
959
959
959
959
959
980
980
980
980
980
980
1020
1020
1020
1020
1020
1046
1046
1046
1046
1046
1078
1078
1078
1078
1078
1078
1094
1094
1094
1094
1094
1091
1091
1091
1091
1091
1097
1097
1097
1097
1097
1097
1081
1081
1081
1081
1081
1042
1042
1042
1042
1042
1030
1030
1030
1030
1030
1030
1005
1005
1005
1005
1005
974
974
974
974
974
964
964
964
964
964
964
926
926
926
926
926
936
936
936
936
936
903
903
903
903
903
903
902
902
902
902
902
897
897
897
897
897
913
913
913
913
913
913
911
911
911
911
911
961
961
961
961
961
959
959
959
959
959
959
994
994
994
994
994
1036
1036
1036
1036
1036
1052
1052
1052
1052
1052
1052
1090
1090
1090
1090
1090
1083
1083
1083
1083
1083
1089
1089
1089
1089
1089
1089
1073
1073
1073
1073
1073
1028
1028
1028
1028
1028
993
993
993
993
993
993
967
967
967
967
967
959
959
959
959
959
949
949
949
949
949
949
928
928
928
928
928
892
892
892
892
892
897
897
897
897
897
897
903
903
903
903
903
901
901
901
901
901
913
913
913
913
913
913
935
935
935
935
935
951
951
951
951
951
1004
1004
1004
1004
1004
1004
988
988
988
988
988
999
999
999
999
999
1020
1020
1020
1020
1020
1020
1039
1039
1039
1039
1039
1040
1040
1040
1040
1040
1033
1033
1033
1033
1033
1033
1013
1013
1013
1013
1013
1019
1019
1019
1019
1019
1019
1019
1019
1019
1019
1019
1026
1026
1026
1026
1026
1054
1054
1054
1054
1054
1014
1014
1014
1014
1014
1014
999
999
999
999
999
955
955
955
955
955
930
930
930
930
930
930
908
908
908
908
908
888
888
888
888
888
880
880
880
880
880
880
882
882
882
882
882
868
868
868
868
868
924
924
924
924
924
924
957
957
957
957
957
987
987
987
987
987
1016
1016
1016
1016
1016
1016
1011
1011
1011
1011
1011
1058
1058
1058
1058
1058
1034
1034
1034
1034
1034
1034
1040
1040
1040
1040
1040
1024
1024
1024
1024
1024
1002
1002
1002
1002
1002
1002
992
992
992
992
992
947
947
947
947
947
944
944
944
944
944
944
948
948
948
948
948
959
959
959
959
959
956
956
956
956
956
956
961
961
961
961
961
952
952
952
952
952
981
981
981
981
981
981
991
991
991
991
991
966
966
966
966
966
988
988
988
988
988
988
961
961
961
961
961
998
998
998
998
998
1009
1009
1009
1009
1009
1009
997
997
997
997
997
1019
1019
1019
1019
1019
998
998
998
998
998
998
1007
1007
1007
1007
1007
1001
1001
1001
1001
1001
979
979
979
979
979
979
963
963
963
963
963
951
951
951
951
951
901
901
901
901
901
901
922
922
922
922
922
911
911
911
911
911
947
947
947
947
947
947
944
944
944
944
944
947
947
947
947
947
981
981
981
981
981
981
975
975
975
975
975
997
997
997
997
997
1005
1005
1005
1005
1005
1005
986
986
986
986
986
1003
1003
1003
1003
1003
984
984
984
984
984
984
968
968
968
968
968
980
980
980
980
980
1001
1001
1001
1001
1001
1001
985
985
985
985
985
1001
1001
1001
1001
1001
995
995
995
995
995
995
1001
1001
1001
1001
1001
977
977
977
977
977
996
996
996
996
996
996
973
973
973
973
973
956
956
956
956
956
967
967
967
967
967
967
940
940
940
940
940
947
947
947
947
947
936
936
936
936
936
936
942
942
942
942
942
939
939
939
939
939
936
936
936
936
936
936
945
945
945
945
945
959
959
959
959
959
984
984
984
984
984
984
1007
1007
1007
1007
1007
1008
1008
1008
1008
1008
1006
1006
1006
1006
1006
1006
985
985
985
985
985
971
971
971
971
971
966
966
966
966
966
966
965
965
965
965
965
939
939
939
939
939
958
958
958
958
958
958
973
973
973
973
973
962
962
962
962
962
989
989
989
989
989
989
1014
1014
1014
1014
1014
1043
1043
1043
1043
1043
1030
1030
1030
1030
1030
1030
1034
1034
1034
1034
1034
1009
1009
1009
1009
1009
991
991
991
991
991
991
993
993
993
993
993
952
952
952
952
952
955
955
955
955
955
955
942
942
942
942
942
934
934
934
934
934
941
941
941
941
941
941
942
942
942
942
942
943
943
943
943
943
978
978
978
978
978
978
987
987
987
987
987
988
988
988
988
988
979
979
979
979
979
979
973
973
973
973
973
964
964
964
964
964
959
959
959
959
959
959
965
965
965
965
965
960
960
960
960
960
950
950
950
950
950
950
971
971
971
971
971
970
970
970
970
970
980
980
980
980
980
980
983
983
983
983
983
995
995
995
995
995
992
992
992
992
992
992
1009
1009
1009
1009
1009
993
993
993
993
993
968
968
968
968
968
968
968
968
968
968
968
945
945
945
945
945
964
964
964
964
964
964
961
961
961
961
961
971
971
971
971
971
952
952
952
952
952
952
968
968
968
968
968
967
967
967
967
967
989
989
989
989
989
989
990
990
990
990
990
1017
1017
1017
1017
1017
994
994
994
994
994
994
996
996
996
996
996
993
993
993
993
993
964
964
964
964
964
964
978
978
978
978
978
977
977
977
977
977
949
949
949
949
949
949
950
950
950
950
950
953
953
953
953
953
945
945
945
945
945
945
956
956
956
956
956
954
954
954
954
954
978
978
978
978
978
978
989
989
989
989
989
986
986
986
986
986
991
991
991
991
991
991
970
970
970
970
970
999
999
999
999
999
995
995
995
995
995
995
978
978
978
978
978
976
976
976
976
976
984
984
984
984
984
984
963
963
963
963
963
979
979
979
979
979
962
962
962
962
962
962
985
985
985
985
985
986
986
986
986
986
987
987
987
987
987
987
996
996
996
996
996
955
955
955
955
955
953
953
953
953
953
953
974
974
974
974
974
939
939
939
939
939
968
968
968
968
968
968
962
962
962
962
962
985
985
985
985
985
968
968
968
968
968
968
979
979
979
979
979
967
967
967
967
967
974
974
974
974
974
974
970
970
970
970
970
964
964
964
964
964
946
946
946
946
946
946
946
946
946
946
946
955
955
955
955
955
940
940
940
940
940
940
962
962
962
962
962
956
956
956
956
956
984
984
984
984
984
984
981
981
981
981
981
994
994
994
994
994
1005
1005
1005
1005
1005
1005
1034
1034
1034
1034
1034
998
998
998
998
998
1000
1000
1000
1000
1000
1000
973
973
973
973
973
965
965
965
965
965
987
987
987
987
987
987
960
960
960
960
960
965
965
965
965
965
933
933
933
933
933
933
972
972
972
972
972
943
943
943
943
943
975
975
975
975
975
975
968
968
968
968
968
977
977
977
977
977
955
955
955
955
955
955
958
958
958
958
958
969
969
969
969
969
944
944
944
944
944
944
968
968
968
968
968
941
941
941
941
941
973
973
973
973
973
973
979
979
979
979
979
985
985
985
985
985
1001
1001
1001
1001
1001
1001
1036
1036
1036
1036
1036
991
991
991
991
991
983
983
983
983
983
983
982
982
982
982
982
980
980
980
980
980
967
967
967
967
967
967
982
982
982
982
982
954
954
954
954
954
964
964
964
964
964
964
967
967
967
967
967
939
939
939
939
939
982
982
982
982
982
982
951
951
951
951
951
974
974
974
974
974
968
968
968
968
968
968
965
965
965
965
965
968
968
968
968
968
949
949
949
949
949
949
943
943
943
943
943
958
958
958
958
958
950
950
950
950
950
950
974
974
974
974
974
982
982
982
982
982
993
993
993
993
993
993
993
993
993
993
993
974
974
974
974
974
993
993
993
993
993
993
1005
1005
1005
1005
1005
968
968
968
968
968
956
956
956
956
956
956
959
959
959
959
959
921
921
921
921
921
941
941
941
941
941
941
922
922
922
922
922
951
951
951
951
951
951
951
951
951
951
951
963
963
963
963
963
978
978
978
978
978
1004
1004
1004
1004
1004
1004
1031
1031
1031
1031
1031
1004
1004
1004
1004
1004
1007
1007
1007
1007
1007
1007
985
985
985
985
985
991
991
991
991
991
972
972
972
972
972
972
976
976
976
976
976
953
953
953
953
953
962
962
962
962
962
962
940
940
940
940
940
960
960
960
960
960
974
974
974
974
974
974
955
955
955
955
955
994
994
994
994
994
982
982
982
982
982
982
999
999
999
999
999
997
997
997
997
997
986
986
986
986
986
986
964
964
964
964
964
974
974
974
974
974
982
982
982
982
982
982
967
967
967
967
962
962
962
962
962
971
971
971
971
971
971
978
978
978
978
978
959
959
959
959
959
977
977
977
977
977
977
952
952
952
952
952
999
999
999
999
999
985
985
985
985
985
985
975
975
975
975
975
970
970
970
970
970
948
948
948
948
948
948
966
966
966
966
966
947
947
947
947
947
959
959
959
959
959
959
943
943
943
943
943
957
957
957
957
957
947
947
947
947
947
947
977
977
977
977
977
959
959
959
959
959
985
985
985
985
985
985
956
956
956
956
956
991
991
991
991
991
962
962
962
962
962
962
974
974
974
974
974
964
964
964
964
964
942
942
942
942
942
942
928
928
928
928
928
946
946
946
946
946
970
970
970
970
970
970
946
946
946
946
946
954
954
954
954
954
959
959
959
959
959
959
979
979
979
979
979
985
985
985
985
985
1024
1024
1024
1024
1024
1024
989
989
989
989
989
1007
1007
1007
1007
1007
996
996
996
996
996
996
990
990
990
990
990
993
993
993
993
993
981
981
981
981
981
981
981
981
981
981
981
972
972
972
972
972
991
991
991
991
991
991
986
986
986
986
986
992
992
992
992
992
1001
1001
1001
1001
1001
1001
999
999
999
999
999
989
989
989
989
989
998
998
998
998
998
998
970
970
970
970
970
964
964
964
964
964
956
956
956
956
956
956
973
973
973
973
973
947
947
947
947
947
938
938
938
938
938
938
965
965
965
965
965
949
949
949
949
949
938
938
938
938
938
938
979
979
979
979
979
949
949
949
949
949
982
982
982
982
982
982
990
990
990
990
990
983
983
983
983
983
1002
1002
1002
1002
1002
1002
991
991
991
991
991
992
992
992
992
992
972
972
972
972
972
972
1000
1000
1000
1000
1000
973
973
973
973
973
963
963
963
963
963
963
981
981
981
981
981
955
955
955
955
955
958
958
958
958
958
958
949
949
949
949
949
976
976
976
976
976
963
963
963
963
963
963
984
984
984
984
984
978
978
978
978
978
989
989
989
989
989
989
991
991
991
991
991
969
969
969
969
969
979
979
979
979
979
979
969
969
969
969
969
936
936
936
936
936
958
958
958
958
958
958
955
955
955
955
955
939
939
939
939
939
954
954
954
954
954
954
959
959
959
959
959
987
987
987
987
987
988
988
988
988
988
988
1021
1021
1021
1021
1021
1020
1020
1020
1020
1020
1013
1013
1013
1013
1013
1013
998
998
998
998
998
1022
1022
1022
1022
1022
995
995
995
995
995
995
993
993
993
993
993
978
978
978
978
978
959
959
959
959
959
959
944
944
944
944
944
943
943
943
943
943
957
957
957
957
957
957
941
941
941
941
941
955
955
955
955
955
956
956
956
956
956
956
966
966
966
966
966
950
950
950
950
950
961
961