940
940
940
940
969
969
969
969
969
960
960
960
960
960
971
971
971
971
971
971
976
976
976
976
976
956
956
956
956
956
969
969
969
969
969
969
971
971
971
971
971
951
951
951
951
951
972
972
972
972
972
972
958
958
958
958
958
967
967
967
967
967
966
966
966
966
966
966
962
962
962
962
962
962
962
962
962
962
979
979
979
979
979
979
971
971
971
971
971
965
965
965
965
965
949
949
949
949
949
949
972
972
972
972
972
972
972
972
972
972
977
977
977
977
977
977
972
972
972
972
972
977
977
977
977
977
955
955
955
955
955
955
961
961
961
961
961
976
976
976
976
976
952
952
952
952
952
952
983
983
983
983
983
963
963
963
963
963
969
969
969
969
969
969
951
951
951
951
951
973
973
973
973
973
969
969
969
969
969
969
968
968
968
968
968
974
974
974
974
974
980
980
980
980
980
980
981
981
981
981
981
976
976
976
976
976
971
971
971
971
971
971
980
980
980
980
980
965
965
965
965
965
958
958
958
958
958
958
962
962
962
962
962
962
962
962
962
962
971
971
971
971
971
971
959
959
959
959
959
966
966
966
966
966
979
979
979
979
979
979
959
959
959
959
959
979
979
979
979
979
983
983
983
983
983
983
945
945
945
945
945
964
964
964
964
964
964
964
964
964
964
964
956
956
956
956
956
991
991
991
991
991
954
954
954
954
954
954
951
951
951
951
951
976
976
976
976
976
956
956
956
956
956
956
961
961
961
961
961
974
974
974
974
974
951
951
951
951
951
951
970
970
970
970
970
949
949
949
949
949
969
969
969
969
969
969
962
962
962
962
962
956
956
956
956
956
967
967
967
967
967
967
960
960
960
960
960
947
947
947
947
947
975
975
975
975
975
975
966
966
966
966
966
966
966
966
966
966
957
957
957
957
957
957
958
958
958
958
958
960
960
960
960
960
962
962
962
962
962
962
967
967
967
967
967
975
975
975
975
975
949
949
949
949
949
949
957
957
957
957
957
964
964
964
964
964
934
934
934
934
934
934
969
969
969
969
969
978
978
978
978
978
968
968
968
968
968
968
953
953
953
953
953
961
961
961
961
961
957
957
957
957
957
957
978
978
978
978
978
960
960
960
960
960
966
966
966
966
966
966
971
971
971
971
971
958
958
958
958
958
967
967
967
967
967
967
947
947
947
947
947
948
948
948
948
948
953
953
953
953
953
953
957
957
957
957
957
962
962
962
962
962
952
952
952
952
952
952
960
960
960
960
960
958
958
958
958
958
981
981
981
981
981
981
959
959
959
959
959
998
998
998
998
998
975
975
975
975
975
975
958
958
958
958
958
946
946
946
946
946
950
950
950
950
950
950
966
966
966
966
966
969
969
969
969
969
983
983
983
983
983
983
969
969
969
969
969
978
978
978
978
978
961
961
961
961
961
961
968
968
968
968
968
958
958
958
958
958
963
963
963
963
963
963
963
963
963
963
963
977
977
977
977
977
955
955
955
955
955
955
978
978
978
978
978
982
982
982
982
982
974
974
974
974
974
974
976
976
976
976
976
963
963
963
963
963
953
953
953
953
953
953
959
959
959
959
959
955
955
955
955
955
957
957
957
957
957
957
949
949
949
949
949
968
968
968
968
968
963
963
963
963
963
963
968
968
968
968
968
961
961
961
961
961
965
965
965
965
965
965
961
961
961
961
961
946
946
946
946
946
953
953
953
953
953
953
956
956
956
956
956
960
960
960
960
960
974
974
974
974
974
974
966
966
966
966
966
974
974
974
974
974
948
948
948
948
948
948
959
959
959
959
959
965
965
965
965
965
968
968
968
968
968
968
968
968
968
968
968
973
973
973
973
973
931
931
931
931
931
931
910
910
910
910
910
870
870
870
870
870
836
836
836
836
836
836
845
845
845
845
845
858
858
858
858
858
956
956
956
956
956
956
999
999
999
999
999
1115
1115
1115
1115
1115
1188
1188
1188
1188
1188
1188
1263
1263
1263
1263
1263
1281
1281
1281
1281
1281
1204
1204
1204
1204
1204
1204
1059
1059
1059
1059
1059
930
930
930
930
930
895
895
895
895
895
895
862
862
862
862
862
832
832
832
832
832
833
833
833
833
833
833
835
835
835
835
835
865
865
865
865
865
905
905
905
905
905
905
943
943
943
943
943
988
988
988
988
988
972
972
972
972
972
972
913
913
913
913
913
853
853
853
853
853
839
839
839
839
839
839
845
845
845
845
845
857
857
857
857
857
885
885
885
885
885
885
904
904
904
904
904
969
969
969
969
969
1042
1042
1042
1042
1042
1042
1075
1075
1075
1075
1075
1019
1019
1019
1019
1019
869
869
869
869
869
869
779
779
779
779
779
790
790
790
790
790
939
939
939
939
939
939
1210
1210
1210
1210
1210
1389
1389
1389
1389
1389
1426
1426
1426
1426
1426
1426
1408
1408
1408
1408
1408
1496
1496
1496
1496
1496
1472
1472
1472
1472
1472
1472
1331
1331
1331
1331
1331
1085
1085
1085
1085
1085
919
919
919
919
919
919
943
943
943
943
943
1089
1089
1089
1089
1089
1239
1239
1239
1239
1239
1239
1287
1287
1287
1287
1287
1231
1231
1231
1231
1231
1093
1093
1093
1093
1093
1093
978
978
978
978
978
884
884
884
884
884
804
804
804
804
804
804
743
743
743
743
743
696
696
696
696
696
694
694
694
694
694
694
702
702
702
702
702
750
750
750
750
750
801
801
801
801
801
801
844
844
844
844
844
877
877
877
877
877
922
922
922
922
922
922
983
983
983
983
983
1012
1012
1012
1012
1012
994
994
994
994
994
994
945
945
945
945
945
857
857
857
857
857
802
802
802
802
802
802
798
798
798
798
798
827
827
827
827
827
872
872
872
872
872
872
882
882
882
882
882
944
944
944
944
944
1086
1086
1086
1086
1086
1086
1305
1305
1305
1305
1305
1391
1391
1391
1391
1391
1352
1352
1352
1352
1352
1352
1272
1272
1272
1272
1272
1221
1221
1221
1221
1221
1217
1217
1217
1217
1217
1217
1180
1180
1180
1180
1180
1096
1096
1096
1096
1096
981
981
981
981
981
981
879
879
879
879
879
823
823
823
823
823
818
818
818
818
818
818
808
808
808
808
808
834
834
834
834
834
920
920
920
920
920
920
1167
1167
1167
1167
1167
1592
1592
1592
1592
1592
2071
2071
2071
2071
2071
2071
2326
2326
2326
2326
2326
2239
2239
2239
2239
2239
1919
1919
1919
1919
1919
1919
1480
1480
1480
1480
1480
1037
1037
1037
1037
1037
739
739
739
739
739
739
659
659
659
659
659
634
634
634
634
634
644
644
644
644
644
644
685
685
685
685
685
717
717
717
717
717
761
761
761
761
761
761
780
780
780
780
780
767
767
767
767
767
774
774
774
774
774
774
809
809
809
809
809
903
903
903
903
903
1103
1103
1103
1103
1103
1103
1310
1310
1310
1310
1310
1495
1495
1495
1495
1495
1517
1517
1517
1517
1517
1517
1351
1351
1351
1351
1351
1018
1018
1018
1018
1018
748
748
748
748
748
748
670
670
670
670
670
637
637
637
637
637
649
649
649
649
649
649
710
710
710
710
710
889
889
889
889
889
1202
1202
1202
1202
1202
1202
1523
1523
1523
1523
1523
1635
1635
1635
1635
1635
1625
1625
1625
1625
1625
1625
1435
1435
1435
1435
1435
1154
1154
1154
1154
1154
962
962
962
962
962
962
849
849
849
849
849
873
873
873
873
873
973
973
973
973
973
973
1093
1093
1093
1093
1093
1133
1133
1133
1133
1133
1135
1135
1135
1135
1135
1135
1136
1136
1136
1136
1136
1138
1138
1138
1138
1138
1146
1146
1146
1146
1146
1146
1095
1095
1095
1095
1095
1077
1077
1077
1077
1077
1072
1072
1072
1072
1072
1072
1078
1078
1078
1078
1078
1035
1035
1035
1035
1035
960
960
960
960
960
960
857
857
857
857
857
812
812
812
812
812
775
775
775
775
775
775
775
775
775
775
775
791
791
791
791
791
838
838
838
838
838
838
885
885
885
885
885
952
952
952
952
952
1030
1030
1030
1030
1030
1030
1091
1091
1091
1091
1091
1101
1101
1101
1101
1101
1083
1083
1083
1083
1083
1083
1025
1025
1025
1025
1025
952
952
952
952
952
905
905
905
905
905
905
857
857
857
857
857
802
802
802
802
802
810
810
810
810
810
810
820
820
820
820
820
877
877
877
877
877
955
955
955
955
955
955
1080
1080
1080
1080
1080
1204
1204
1204
1204
1204
1188
1188
1188
1188
1188
1188
1153
1153
1153
1153
1153
1047
1047
1047
1047
1047
956
956
956
956
956
956
882
882
882
882
882
873
873
873
873
873
887
887
887
887
887
887
946
946
946
946
946
1027
1027
1027
1027
1027
1134
1134
1134
1134
1134
1134
1237
1237
1237
1237
1237
1284
1284
1284
1284
1284
1236
1236
1236
1236
1236
1236
1096
1096
1096
1096
1096
969
969
969
969
969
871
871
871
871
871
871
828
828
828
828
828
806
806
806
806
806
810
810
810
810
810
810
862
862
862
862
862
942
942
942
942
942
1020
1020
1020
1020
1020
1020
1101
1101
1101
1101
1101
1093
1093
1093
1093
1093
1048
1048
1048
1048
1048
1048
1002
1002
1002
1002
1002
962
962
962
962
962
900
900
900
900
900
900
874
874
874
874
874
886
886
886
886
886
876
876
876
876
876
876
911
911
911
911
911
938
938
938
938
938
925
925
925
925
925
925
925
925
925
925
925
908
908
908
908
908
890
890
890
890
890
890
889
889
889
889
889
908
908
908
908
908
918
918
918
918
918
918
915
915
915
915
915
926
926
926
926
926
939
939
939
939
939
939
979
979
979
979
979
1033
1033
1033
1033
1033
1113
1113
1113
1113
1113
1113
1167
1167
1167
1167
1167
1211
1211
1211
1211
1211
1217
1217
1217
1217
1217
1217
1200
1200
1200
1200
1200
1089
1089
1089
1089
1089
996
996
996
996
996
996
881
881
881
881
881
818
818
818
818
818
789
789
789
789
789
789
793
793
793
793
793
844
844
844
844
844
945
945
945
945
945
945
1092
1092
1092
1092
1092
1225
1225
1225
1225
1225
1308
1308
1308
1308
1308
1308
1301
1301
1301
1301
1301
1270
1270
1270
1270
1270
1131
1131
1131
1131
1131
1131
977
977
977
977
977
901
901
901
901
901
832
832
832
832
832
832
857
857
857
857
857
882
882
882
882
882
933
933
933
933
933
933
967
967
967
967
967
1008
1008
1008
1008
1008
1002
1002
1002
1002
1002
1002
1002
1002
1002
1002
1002
952
952
952
952
952
901
901
901
901
901
901
878
878
878
878
878
833
833
833
833
833
896
896
896
896
896
896
871
871
871
871
871
941
941
941
941
941
1014
1014
1014
1014
1014
1014
1120
1120
1120
1120
1120
1219
1219
1219
1219
1219
1251
1251
1251
1251
1251
1251
1279
1279
1279
1279
1279
1202
1202
1202
1202
1202
1069
1069
1069
1069
1069
1069
910
910
910
910
910
827
827
827
827
827
787
787
787
787
787
787
776
776
776
776
776
763
763
763
763
763
865
865
865
865
865
865
980
980
980
980
980
1083
1083
1083
1083
1083
1207
1207
1207
1207
1207
1207
1238
1238
1238
1238
1238
1298
1298
1298
1298
1298
1224
1224
1224
1224
1224
1224
1134
1134
1134
1134
1134
1010
1010
1010
1010
1010
922
922
922
922
922
922
922
922
922
922
922
914
914
914
914
914
917
917
917
917
917
917
894
894
894
894
894
885
885
885
885
885
920
920
920
920
920
920
934
934
934
934
934
960
960
960
960
960
1013
1013
1013
1013
1013
1013
996
996
996
996
996
1002
1002
1002
1002
1002
1029
1029
1029
1029
1029
1029
1015
1015
1015
1015
1015
994
994
994
994
994
942
942
942
942
942
942
955
955
955
955
955
919
919
919
919
919
977
977
977
977
977
977
974
974
974
974
974
1032
1032
1032
1032
1032
1077
1077
1077
1077
1077
1077
1079
1079
1079
1079
1079
1050
1050
1050
1050
1050
932
932
932
932
932
932
901
901
901
901
901
841
841
841
841
841
849
849
849
849
849
849
881
881
881
881
881
967
967
967
967
967
1096
1096
1096
1096
1096
1096
1191
1191
1191
1191
1191
1238
1238
1238
1238
1238
1207
1207
1207
1207
1207
1207
1124
1124
1124
1124
1124
1025
1025
1025
1025
1025
937
937
937
937
937
937
861
861
861
861
861
856
856
856
856
856
853
853
853
853
853
853
893
893
893
893
893
959
959
959
959
959
1011
1011
1011
1011
1011
1011
1083
1083
1083
1083
1083
1082
1082
1082
1082
1082
1116
1116
1116
1116
1116
1116
1136
1136
1136
1136
1136
1147
1147
1147
1147
1147
1154
1154
1154
1154
1154
1154
1075
1075
1075
1075
1075
987
987
987
987
987
929
929
929
929
929
929
882
882
882
882
882
828
828
828
828
828
846
846
846
846
846
846
817
817
817
817
817
873
873
873
873
873
915
915
915
915
915
915
992
992
992
992
992
1045
1045
1045
1045
1045
1084
1084
1084
1084
1084
1084
1049
1049
1049
1049
1049
1012
1012
1012
1012
1012
917
917
917
917
917
917
894
894
894
894
894
919
919
919
919
919
931
931
931
931
931
931
966
966
966
966
966
1009
1009
1009
1009
1009
1101
1101
1101
1101
1101
1101
1140
1140
1140
1140
1140
1132
1132
1132
1132
1132
1068
1068
1068
1068
1068
1068
996
996
996
996
996
928
928
928
928
928
894
894
894
894
894
894
864
864
864
864
864
907
907
907
907
907
946
946
946
946
946
946
969
969
969
969
969
1034
1034
1034
1034
1034
1064
1064
1064
1064
1064
1064
1115
1115
1115
1115
1115
1113
1113
1113
1113
1113
1052
1052
1052
1052
1052
1052
996
996
996
996
996
962
962
962
962
962
966
966
966
966
966
966
962
962
962
962
962
957
957
957
957
957
963
963
963
963
963
963
926
926
926
926
926
970
970
970
970
970
985
985
985
985
985
985
1025
1025
1025
1025
1025
1045
1045
1045
1045
1045
1013
1013
1013
1013
1013
1013
1011
1011
1011
1011
1011
994
994
994
994
994
963
963
963
963
963
963
954
954
954
954
954
905
905
905
905
905
907
907
907
907
907
907
913
913
913
913
913
929
929
929
929
929
973
973
973
973
973
973
1001
1001
1001
1001
1001
1043
1043
1043
1043
1043
1055
1055
1055
1055
1055
1055
1063
1063
1063
1063
1063
1019
1019
1019
1019
1019
998
998
998
998
998
998
950
950
950
950
950
950
950
950
950
950
904
904
904
904
904
904
901
901
901
901
901
915
915
915
915
915
893
893
893
893
893
893
938
938
938
938
938
948
948
948
948
948
993
993
993
993
993
993
969
969
969
969
969
999
999
999
999
999
1007
1007
1007
1007
1007
1007
1029
1029
1029
1029
1029
1053
1053
1053
1053
1053
1075
1075
1075
1075
1075
1075
1027
1027
1027
1027
1027
996
996
996
996
996
956
956
956
956
956
956
938
938
938
938
938
934
934
934
934
934
931
931
931
931
931
931
924
924
924
924
924
958
958
958
958
958
955
955
955
955
955
955
985
985
985
985
985
1017
1017
1017
1017
1017
1007
1007
1007
1007
1007
1007
1007
1007
1007
1007
1007
992
992
992
992
992
1004
1004
1004
1004
1004
1004
1009
1009
1009
1009
1009
1014
1014
1014
1014
1014
1036
1036
1036
1036
1036
1036
999
999
999
999
999
990
990
990
990
990
968
968
968
968
968
968
937
937
937
937
937
938
938
938
938
938
913
913
913
913
913
913
900
900
900
900
900
917
917
917
917
917
954
954
954
954
954
954
1024
1024
1024
1024
1024
1065
1065
1065
1065
1065
1082
1082
1082
1082
1082
1082
1097
1097
1097
1097
1097
1084
1084
1084
1084
1084
1034
1034
1034
1034
1034
1034
1027
1027
1027
1027
1027
964
964
964
964
964
940
940
940
940
940
940
886
886
886
886
886
851
851
851
851
851
866
866
866
866
866
866
881
881
881
881
881
893
893
893
893
893
901
901
901
901
901
901
934
934
934
934
934
968
968
968
968
968
984
984
984
984
984
984
1019
1019
1019
1019
1019
1018
1018
1018
1018
1018
1028
1028
1028
1028
1028
1028
1001
1001
1001
1001
1001
1000
1000
1000
1000
1000
998
998
998
998
998
998
954
954
954
954
954
972
972
972
972
972
961
961
961
961
961
961
927
927
927
927
927
924
924
924
924
924
928
928
928
928
928
928
921
921
921
921
921
912
912
912
912
912
933
933
933
933
933
933
959
959
959
959
959
960
960
960
960
960
1000
1000
1000
1000
1000
1000
1034
1034
1034
1034
1034
1044
1044
1044
1044
1044
1059
1059
1059
1059
1059
1059
1024
1024
1024
1024
1024
987
987
987
987
987
956
956
956
956
956
956
919
919
919
919
919
910
910
910
910
910
901
901
901
901
901
901
939
939
939
939
939
944
944
944
944
944
968
968
968
968
968
968
993
993
993
993
993
1011
1011
1011
1011
1011
993
993
993
993
993
993
978
978
978
978
978
961
961
961
961
961
954
954
954
954
954
954
937
937
937
937
937
938
938
938
938
938
947
947
947
947
947
947
966
966
966
966
966
979
979
979
979
979
1004
1004
1004
1004
1004
1004
996
996
996
996
996
990
990
990
990
990
997
997
997
997
997
997
971
971
971
971
971
981
981
981
981
981
976
976
976
976
976
976
974
974
974
974
974
982
982
982
982
982
980
980
980
980
980
980
992
992
992
992
992
1010
1010
1010
1010
1010
1016
1016
1016
1016
1016
1016
995
995
995
995
995
958
958
958
958
958
926
926
926
926
926
926
912
912
912
912
912
882
882
882
882
882
874
874
874
874
874
874
890
890
890
890
890
879
879
879
879
879
899
899
899
899
899
899
939
939
939
939
939
973
973
973
973
973
1022
1022
1022
1022
1022
1022
1058
1058
1058
1058
1058
1068
1068
1068
1068
1068
1064
1064
1064
1064
1064
1064
1045
1045
1045
1045
1045
1023
1023
1023
1023
1023
988
988
988
988
988
988
950
950
950
950
950
917
917
917
917
917
911
911
911
911
911
911
905
905
905
905
905
895
895
895
895
895
908
908
908
908
908
908
930
930
930
930
930
977
977
977
977
977
1000
1000
1000
1000
1000
1000
1001
1001
1001
1001
1001
1039
1039
1039
1039
1039
1063
1063
1063
1063
1063
1063
1052
1052
1052
1052
1052
1015
1015
1015
1015
1015
1018
1018
1018
1018
1018
1018
991
991
991
991
991
953
953
953
953
953
939
939
939
939
939
939
932
932
932
932
932
940
940
940
940
940
958
958
958
958
958
958
954
954
954
954
954
982
982
982
982
982
991
991
991
991
991
991
982
982
982
982
982
986
986
986
986
986
982
982
982
982
982
982
966
966
966
966
966
986
986
986
986
986
993
993
993
993
993
993
962
962
962
962
962
962
962
962
962
962
954
954
954
954
954
954
935
935
935
935
935
916
916
916
916
916
880
880
880
880
880
880
862
862
862
862
862
871
871
871
871
871
891
891
891
891
891
891
917
917
917
917
917
949
949
949
949
949
974
974
974
974
974
974
1039
1039
1039
1039
1039
1075
1075
1075
1075
1075
1096
1096
1096
1096
1096
1096
1056
1056
1056
1056
1056
1021
1021
1021
1021
1021
971
971
971
971
971
971
933
933
933
933
933
905
905
905
905
905
915
915
915
915
915
915
894
894
894
894
894
930
930
930
930
930
960
960
960
960
960
960
987
987
987
987
987
1036
1036
1036
1036
1036
1045
1045
1045
1045
1045
1045
1053
1053
1053
1053
1053
1040
1040
1040
1040
1040
1020
1020
1020
1020
1020
1020
1007
1007
1007
1007
1007
987
987
987
987
987
989
989
989
989
989
989
939
939
939
939
939
946
946
946
946
946
940
940
940
940
940
940
989
989
989
989
989
967
967
967
967
967
1027
1027
1027
1027
1027
1027
1047
1047
1047
1047
1047
1037
1037
1037
1037
1037
1016
1016
1016
1016
1016
1016
1003
1003
1003
1003
1003
1017
1017
1017
1017
1017
961
961
961
961
961
961
935
935
935
935
935
916
916
916
916
916
921
921
921
921
921
921
930
930
930
930
930
956
956
956
956
956
975
975
975
975
975
975
985
985
985
985
985
1040
1040
1040
1040
1040
1013
1013
1013
1013
1013
1013
1056
1056
1056
1056
1056
999
999
999
999
999
991
991
991
991
991
991
969
969
969
969
969
920
920
920
920
920
929
929
929
929
929
929
891
891
891
891
891
896
896
896
896
896
914
914
914
914
914
914
940
940
940
940
940
970
970
970
970
970
1019
1019
1019
1019
1019
1019
1054
1054
1054
1054
1054
1070
1070
1070
1070
1070
1055
1055
1055
1055
1055
1055
1016
1016
1016
1016
1016
1010
1010
1010
1010
1010
964
964
964
964
964
964
957
957
957
957
957
924
924
924
924
924
921
921
921
921
921
921
938
938
938
938
938
950
950
950
950
950
999
999
999
999
999
999
1000
1000
1000
1000
1000
1000
1000
1000
1000
1000
1003
1003
1003
1003
1003
1003
952
952
952
952
952
987
987
987
987
987
973
973
973
973
973
973
976
976
976
976
976
964
964
964
964
964
997
997
997
997
997
997
998
998
998
998
998
1036
1036
1036
1036
1036
984
984
984
984
984
984
1006
1006
1006
1006
1006
980
980
980
980
980
934
934
934
934
934
934
954
954
954
954
954
909
909
909
909
909
919
919
919
919
919
919
937
937
937
937
937
934
934
934
934
934
975
975
975
975
975
975
992
992
992
992
992
1013
1013
1013
1013
1013
1032
1032
1032
1032
1032
1032
1042
1042
1042
1042
1042
1017
1017
1017
1017
1017
999
999
999
999
999
999
962
962
962
962
962
946
946
946
946
946
918
918
918
918
918
918
929
929
929
929
929
935
935
935
935
935
951
951
951
951
951
951
987
987
987
987
987
980
980
980
980
980
991
991
991
991
991
991
1004
1004
1004
1004
1004
1000
1000
1000
1000
1000
998
998
998
998
998
998
971
971
971
971
971
967
967
967
967
967
954
954
954
954
954
954
940
940
940
940
940
931
931
931
931
931
953
953
953
953
953
953
982
982
982
982
982
985
985
985
985
985
991
991
991
991
991
991
989
989
989
989
989
1020
1020
1020
1020
1020
988
988
988
988
988
988
1002
1002
1002
1002
1002
970
970
970
970
970
959
959
959
959
959
959
939
939
939
939
939
949
949
949
949
949
929
929
929
929
929
929
948
948
948
948
948
978
978
978
978
978
1009
1009
1009
1009
1009
1009
1030
1030
1030
1030
1030
1036
1036
1036
1036
1036
1048
1048
1048
1048
1048
1048
1029
1029
1029
1029
1029
1002
1002
1002
1002
1002
981
981
981
981
981
981
932
932
932
932
932
952
952
952
952
952
915
915
915
915
915
915
919
919
919
919
919
935
935
935
935
935
981
981
981
981
981
981
990
990
990
990
990
1005
1005
1005
1005
1005
1007
1007
1007
1007
1007
1007
1041
1041
1041
1041
1041
1012
1012
1012
1012
1012
971
971
971
971
971
971
953
953
953
953
953
923
923
923
923
923
901
901
901
901
901
901
898
898
898
898
898
917
917
917
917
917
928
928
928
928
928
928
966
966
966
966
966
1010
1010
1010
1010
1010
1032
1032
1032
1032
1032
1032
1040
1040
1040
1040
1040
1046
1046
1046
1046
1046
1041
1041
1041
1041
1041
1041
985
985
985
985
985
971
971
971
971
971
942
942
942
942
942
942
919
919
919
919
919
902
902
902
902
902
918
918
918
918
918
918
930
930
930
930
930
941
941
941
941
941
952
952
952
952
952
952
993
993
993
993
993
999
999
999
999
999
1011
1011
1011
1011
1011
1011
1005
1005
1005
1005
1005
988
988
988
988
988
998
998
998
998
998
998
995
995
995
995
995
977
977
977
977
977
993
993
993
993
993
993
1009
1009
1009
1009
1009
1018
1018
1018
1018
1018
1012
1012
1012
1012
1012
1012
1005
1005
1005
1005
1005
997
997
997
997
997
986
986
986
986
986
986
955
955
955
955
955
967
967
967
967
967
916
916
916
916
916
916
932
932
932
932
932
938
938
938
938
938
953
953
953
953
953
953
974
974
974
974
974
986
986
986
986
986
999
999
999
999
999
999
1023
1023
1023
1023
1023
1024
1024
1024
1024
1024
989
989
989
989
989
989
1000
1000
1000
1000
1000
934
934
934
934
934
971
971
971
971
971
971
926
926
926
926
926
943
943
943
943
943
928
928
928
928
928
928
944
944
944
944
944
984
984
984
984
984
984
984
984
984
984
984
978
978
978
978
978
986
986
986
986
986
984
984
984
984
984
984
963
963
963
963
963
967
967
967
967
967
941
941
941
941
941
941
954
954
954
954
954
939
939
939
939
939
948
948
948
948
948
948
957
957
957
957
957
932
932
932
932
932
999
999
999
999
999
999
995
995
995
995
995
1005
1005
1005
1005
1005
1031
1031
1031
1031
1031
1031
995
995
995
995
995
998
998
998
998
998
990
990
990
990
990
990
951
951
951
951
951
943
943
943
943
943
956
956
956
956
956
956
956
956
956
956
956
981
981
981
981
981
984
984
984
984
984
984
996
996
996