940
939
939
939
939
939
942
942
942
942
942
942
947
947
947
947
947
927
927
927
927
927
943
943
943
943
943
943
940
940
940
940
940
932
932
932
932
932
935
935
935
935
935
935
930
930
930
930
930
938
938
938
938
938
950
950
950
950
950
950
939
939
939
939
939
931
931
931
931
931
939
939
939
939
939
939
942
942
942
942
942
932
932
932
932
932
939
939
939
939
939
939
943
943
943
943
943
929
929
929
929
929
932
932
932
932
932
932
941
941
941
941
941
945
945
945
945
945
947
947
947
947
947
947
940
940
940
940
940
936
936
936
936
936
947
947
947
947
947
947
947
947
947
947
947
944
944
944
944
944
941
941
941
941
941
941
939
939
939
939
939
928
928
928
928
928
942
942
942
942
942
942
932
932
932
932
932
945
945
945
945
945
941
941
941
941
941
941
935
935
935
935
935
948
948
948
948
948
937
937
937
937
937
937
938
938
938
938
938
941
941
941
941
941
942
942
942
942
942
942
940
940
940
940
940
933
933
933
933
933
934
934
934
934
934
934
939
939
939
939
939
942
942
942
942
942
929
929
929
929
929
929
938
938
938
938
938
930
930
930
930
930
943
943
943
943
943
943
933
933
933
933
933
938
938
938
938
938
935
935
935
935
935
935
945
945
945
945
945
934
934
934
934
934
946
946
946
946
946
946
931
931
931
931
931
941
941
941
941
941
935
935
935
935
935
935
945
945
945
945
945
949
949
949
949
949
950
950
950
950
950
950
943
943
943
943
943
954
954
954
954
954
948
948
948
948
948
948
942
942
942
942
942
939
939
939
939
939
947
947
947
947
947
947
940
940
940
940
940
942
942
942
942
942
933
933
933
933
933
933
946
946
946
946
946
932
932
932
932
932
942
942
942
942
942
942
936
936
936
936
936
933
933
933
933
933
943
943
943
943
943
943
948
948
948
948
948
935
935
935
935
935
936
936
936
936
936
936
935
935
935
935
935
947
947
947
947
947
933
933
933
933
933
933
942
942
942
942
942
940
940
940
940
940
947
947
947
947
947
947
944
944
944
944
944
941
941
941
941
941
946
946
946
946
946
946
946
946
946
946
946
960
960
960
960
960
945
945
945
945
945
945
939
939
939
939
939
952
952
952
952
952
939
939
939
939
939
939
951
951
951
951
951
936
936
936
936
936
944
944
944
944
944
944
925
925
925
925
925
954
954
954
954
954
935
935
935
935
935
935
944
944
944
944
944
939
939
939
939
939
947
947
947
947
947
947
952
952
952
952
952
950
950
950
950
950
945
945
945
945
945
945
942
942
942
942
942
942
942
942
942
942
948
948
948
948
948
948
946
946
946
946
946
939
939
939
939
939
944
944
944
944
944
944
935
935
935
935
935
943
943
943
943
943
948
948
948
948
948
948
942
942
942
942
942
948
948
948
948
948
937
937
937
937
937
937
946
946
946
946
946
949
949
949
949
949
945
945
945
945
945
945
942
942
942
942
942
941
941
941
941
941
936
936
936
936
936
936
945
945
945
945
945
944
944
944
944
944
948
948
948
948
948
948
939
939
939
939
939
926
926
926
926
926
949
949
949
949
949
949
937
937
937
937
937
932
932
932
932
932
952
952
952
952
952
952
942
942
942
942
942
939
939
939
939
939
937
937
937
937
937
937
958
958
958
958
958
938
938
938
938
938
948
948
948
948
948
948
945
945
945
945
945
956
956
956
956
956
949
949
949
949
949
949
940
940
940
940
940
943
943
943
943
943
939
939
939
939
939
939
946
946
946
946
946
949
949
949
949
949
939
939
939
939
939
939
939
939
939
939
939
941
941
941
941
941
944
944
944
944
944
944
943
943
943
943
943
947
947
947
947
947
943
943
943
943
943
943
945
945
945
945
945
950
950
950
950
950
956
956
956
956
956
956
945
945
945
945
945
945
945
945
945
945
950
950
950
950
950
950
932
932
932
932
932
936
936
936
936
936
937
937
937
937
937
937
944
944
944
944
944
942
942
942
942
942
947
947
947
947
947
947
951
951
951
951
951
950
950
950
950
950
945
945
945
945
945
945
952
952
952
952
952
944
944
944
944
944
938
938
938
938
938
938
946
946
946
946
946
942
942
942
942
942
941
941
941
941
941
941
946
946
946
946
946
941
941
941
941
941
945
945
945
945
945
945
936
936
936
936
936
948
948
948
948
948
946
946
946
946
946
946
947
947
947
947
947
949
949
949
949
949
946
946
946
946
946
946
953
953
953
953
953
945
945
945
945
945
952
952
952
952
952
952
948
948
948
948
948
948
948
948
948
948
945
945
945
945
945
945
944
944
944
944
944
945
945
945
945
945
949
949
949
949
949
949
939
939
939
939
939
934
934
934
934
934
943
943
943
943
943
943
937
937
937
937
937
943
943
943
943
943
942
942
942
942
942
942
947
947
947
947
947
942
942
942
942
942
941
941
941
941
941
941
941
941
941
941
941
948
948
948
948
948
944
944
944
944
944
944
941
941
941
941
941
941
941
941
941
941
934
934
934
934
934
934
946
946
946
946
946
936
936
936
936
936
938
938
938
938
938
938
947
947
947
947
947
949
949
949
949
949
939
939
939
939
939
939
946
946
946
946
946
941
941
941
941
941
947
947
947
947
947
947
945
945
945
945
945
943
943
943
943
943
948
948
948
948
948
948
946
946
946
946
946
940
940
940
940
940
944
944
944
944
944
944
946
946
946
946
946
944
944
944
944
944
943
943
943
943
943
943
944
944
944
944
944
940
940
940
940
940
938
938
938
938
938
938
940
940
940
940
940
948
948
948
948
948
936
936
936
936
936
936
946
946
946
946
946
931
931
931
931
931
938
938
938
938
938
938
939
939
939
939
939
950
950
950
950
950
943
943
943
943
943
943
940
940
940
940
940
941
941
941
941
941
934
934
934
934
934
934
953
953
953
953
953
943
943
943
943
943
942
942
942
942
942
942
938
938
938
938
938
939
939
939
939
939
944
944
944
944
944
944
941
941
941
941
941
945
945
945
945
945
942
942
942
942
942
942
940
940
940
940
940
935
935
935
935
935
944
944
944
944
944
944
941
941
941
941
941
937
937
937
937
937
936
936
936
936
936
936
946
946
946
946
946
947
947
947
947
947
946
946
946
946
946
946
934
934
934
934
934
930
930
930
930
930
936
936
936
936
936
936
943
943
943
943
943
942
942
942
942
942
939
939
939
939
939
939
933
933
933
933
933
935
935
935
935
935
937
937
937
937
937
937
943
943
943
943
943
941
941
941
941
941
937
937
937
937
937
937
933
933
933
933
933
934
934
934
934
934
932
932
932
932
932
932
940
940
940
940
940
942
942
942
942
942
943
943
943
943
943
943
933
933
933
933
933
939
939
939
939
939
933
933
933
933
933
933
942
942
942
942
942
936
936
936
936
936
946
946
946
946
946
946
948
948
948
948
948
929
929
929
929
929
938
938
938
938
938
938
938
938
938
938
938
937
937
937
937
937
929
929
929
929
929
929
931
931
931
931
931
940
940
940
940
940
937
937
937
937
937
937
943
943
943
943
943
941
941
941
941
941
936
936
936
936
936
936
934
934
934
934
934
943
943
943
943
943
939
939
939
939
939
939
935
935
935
935
935
934
934
934
934
934
940
940
940
940
940
940
944
944
944
944
944
941
941
941
941
941
940
940
940
940
940
940
933
933
933
933
933
930
930
930
930
930
933
933
933
933
933
933
934
934
934
934
934
941
941
941
941
941
938
938
938
938
938
938
939
939
939
939
939
939
939
939
939
939
937
937
937
937
937
937
943
943
943
943
943
946
946
946
946
946
929
929
929
929
929
929
944
944
944
944
944
938
938
938
938
938
939
939
939
939
939
939
928
928
928
928
928
938
938
938
938
938
938
938
938
938
938
938
927
927
927
927
927
938
938
938
938
938
941
941
941
941
941
941
935
935
935
935
935
941
941
941
941
941
932
932
932
932
932
932
940
940
940
940
940
940
940
940
940
940
929
929
929
929
929
929
940
940
940
940
940
932
932
932
932
932
934
934
934
934
934
934
947
947
947
947
947
937
937
937
937
937
945
945
945
945
945
945
936
936
936
936
936
936
936
936
936
936
934
934
934
934
934
934
937
937
937
937
937
936
936
936
936
936
942
942
942
942
942
942
943
943
943
943
943
934
934
934
934
934
940
940
940
940
940
940
935
935
935
935
935
938
938
938
938
938
935
935
935
935
935
935
938
938
938
938
938
940
940
940
940
940
938
938
938
938
938
938
938
938
938
938
938
940
940
940
940
940
942
942
942
942
942
942
939
939
939
939
939
935
935
935
935
935
937
937
937
937
937
937
942
942
942
942
942
935
935
935
935
935
937
937
937
937
937
937
937
937
937
937
937
938
938
938
938
938
938
938
938
938
938
938
941
941
941
941
941
940
940
940
940
940
936
936
936
936
936
936
930
930
930
930
930
939
939
939
939
939
934
934
934
934
934
934
938
938
938
938
938
938
938
938
938
938
934
934
934
934
934
934
940
940
940
940
940
928
928
928
928
928
932
932
932
932
932
932
945
945
945
945
945
924
924
924
924
924
937
937
937
937
937
937
937
937
937
937
937
940
940
940
940
940
931
931
931
931
931
931
943
943
943
943
943
935
935
935
935
935
940
940
940
940
940
940
928
928
928
928
928
935
935
935
935
935
931
931
931
931
931
931
940
940
940
940
940
948
948
948
948
948
933
933
933
933
933
933
931
931
931
931
931
932
932
932
932
932
933
933
933
933
933
933
935
935
935
935
935
923
923
923
923
923
936
936
936
936
936
936
945
945
945
945
945
943
943
943
943
943
927
927
927
927
927
927
932
932
932
932
932
928
928
928
928
928
943
943
943
943
943
943
941
941
941
941
941
940
940
940
940
940
927
927
927
927
927
927
933
933
933
933
933
936
936
936
936
936
929
929
929
929
929
929
935
935
935
935
935
940
940
940
940
940
931
931
931
931
931
931
952
952
952
952
952
936
936
936
936
936
921
921
921
921
921
921
951
951
951
951
951
934
934
934
934
934
939
939
939
939
939
939
936
936
936
936
936
935
935
935
935
935
933
933
933
933
933
933
931
931
931
931
931
943
943
943
943
943
937
937
937
937
937
937
949
949
949
949
949
926
926
926
926
926
935
935
935
935
935
935
940
940
940
940
940
935
935
935
935
935
927
927
927
927
927
927
936
936
936
936
936
936
936
936
936
936
933
933
933
933
933
933
935
935
935
935
935
921
921
921
921
921
947
947
947
947
947
947
936
936
936
936
936
937
937
937
937
937
938
938
938
938
938
938
929
929
929
929
929
940
940
940
940
940
933
933
933
933
933
933
935
935
935
935
935
933
933
933
933
933
929
929
929
929
929
929
927
927
927
927
927
937
937
937
937
937
942
942
942
942
942
942
938
938
938
938
938
936
936
936
936
936
935
935
935
935
935
935
936
936
936
936
936
919
919
919
919
919
941
941
941
941
941
941
934
934
934
934
934
937
937
937
937
937
938
938
938
938
938
938
933
933
933
933
933
932
932
932
932
932
944
944
944
944
944
944
936
936
936
936
936
936
936
936
936
936
930
930
930
930
930
930
933
933
933
933
933
937
937
937
937
937
905
905
905
905
905
905
888
888
888
888
888
853
853
853
853
853
852
852
852
852
852
852
864
864
864
864
864
889
889
889
889
889
959
959
959
959
959
959
979
979
979
979
979
1024
1024
1024
1024
1024
1047
1047
1047
1047
1047
1047
1046
1046
1046
1046
1046
1027
1027
1027
1027
1027
987
987
987
987
987
987
959
959
959
959
959
932
932
932
932
932
925
925
925
925
925
925
902
902
902
902
902
900
900
900
900
900
880
880
880
880
880
880
897
897
897
897
897
901
901
901
901
901
921
921
921
921
921
921
916
916
916
916
916
895
895
895
895
895
877
877
877
877
877
877
845
845
845
845
845
832
832
832
832
832
830
830
830
830
830
830
876
876
876
876
876
911
911
911
911
911
952
952
952
952
952
952
939
939
939
939
939
947
947
947
947
947
922
922
922
922
922
922
892
892
892
892
892
843
843
843
843
843
801
801
801
801
801
801
812
812
812
812
812
896
896
896
896
896
1012
1012
1012
1012
1012
1012
1114
1114
1114
1114
1114
1174
1174
1174
1174
1174
1183
1183
1183
1183
1183
1183
1172
1172
1172
1172
1172
1120
1120
1120
1120
1120
1063
1063
1063
1063
1063
1063
1015
1015
1015
1015
1015
988
988
988
988
988
1019
1019
1019
1019
1019
1019
1076
1076
1076
1076
1076
1140
1140
1140
1140
1140
1170
1170
1170
1170
1170
1170
1164
1164
1164
1164
1164
1084
1084
1084
1084
1084
999
999
999
999
999
999
882
882
882
882
882
801
801
801
801
801
747
747
747
747
747
747
722
722
722
722
722
734
734
734
734
734
757
757
757
757
757
757
823
823
823
823
823
863
863
863
863
863
879
879
879
879
879
879
847
847
847
847
847
796
796
796
796
796
778
778
778
778
778
778
778
778
778
778
778
805
805
805
805
805
822
822
822
822
822
822
852
852
852
852
852
881
881
881
881
881
914
914
914
914
914
914
909
909
909
909
909
864
864
864
864
864
821
821
821
821
821
821
804
804
804
804
804
865
865
865
865
865
966
966
966
966
966
966
1073
1073
1073
1073
1073
1163
1163
1163
1163
1163
1213
1213
1213
1213
1213
1213
1221
1221
1221
1221
1221
1192
1192
1192
1192
1192
1117
1117
1117
1117
1117
1117
1021
1021
1021
1021
1021
930
930
930
930
930
867
867
867
867
867
867
840
840
840
840
840
852
852
852
852
852
919
919
919
919
919
919
990
990
990
990
990
1040
1040
1040
1040
1040
1112
1112
1112
1112
1112
1112
1156
1156
1156
1156
1156
1217
1217
1217
1217
1217
1272
1272
1272
1272
1272
1272
1277
1277
1277
1277
1277
1259
1259
1259
1259
1259
1191
1191
1191
1191
1191
1191
1107
1107
1107
1107
1107
1025
1025
1025
1025
1025
923
923
923
923
923
923
835
835
835
835
835
738
738
738
738
738
684
684
684
684
684
684
655
655
655
655
655
647
647
647
647
647
668
668
668
668
668
668
697
697
697
697
697
749
749
749
749
749
816
816
816
816
816
816
883
883
883
883
883
945
945
945
945
945
985
985
985
985
985
985
988
988
988
988
988
978
978
978
978
978
930
930
930
930
930
930
870
870
870
870
870
796
796
796
796
796
729
729
729
729
729
729
701
701
701
701
701
713
713
713
713
713
774
774
774
774
774
774
889
889
889
889
889
987
987
987
987
987
1084
1084
1084
1084
1084
1084
1135
1135
1135
1135
1135
1143
1143
1143
1143
1143
1125
1125
1125
1125
1125
1125
1074
1074
1074
1074
1074
1023
1023
1023
1023
1023
993
993
993
993
993
993
971
971
971
971
971
968
968
968
968
968
993
993
993
993
993
993
1006
1006
1006
1006
1006
1002
1002
1002
1002
1002
1025
1025
1025
1025
1025
1025
1039
1039
1039
1039
1039
1057
1057
1057
1057
1057
1092
1092
1092
1092
1092
1092
1079
1079
1079
1079
1079
1076
1076
1076
1076
1076
1041
1041
1041
1041
1041
1041
986
986
986
986
986
929
929
929
929
929
877
877
877
877
877
877
831
831
831
831
831
821
821
821
821
821
818
818
818
818
818
818
828
828
828
828
828
853
853
853
853
853
884
884
884
884
884
884
917
917
917
917
917
925
925
925
925
925
943
943
943
943
943
943
932
932
932
932
932
934
934
934
934
934
928
928
928
928
928
928
904
904
904
904
904
880
880
880
880
880
873
873
873
873
873
873
861
861
861
861
861
873
873
873
873
873
888
888
888
888
888
888
904
904
904
904
904
953
953
953
953
953
974
974
974
974
974
974
982
982
982
982
982
984
984
984
984
984
950
950
950
950
950
950
935
935
935
935
935
936
936
936
936
936
951
951
951
951
951
951
982
982
982
982
982
997
997
997
997
997
1016
1016
1016
1016
1016
1016
1020
1020
1020
1020
1020
1005
1005
1005
1005
1005
991
991
991
991
991
991
971
971
971
971
971
974
974
974
974
974
974
974
974
974
974
974
979
979
979
979
979
991
991
991
991
991
977
977
977
977
977
977
973
973
973
973
973
972
972
972
972
972
959
959
959
959
959
959
921
921
921
921
921
891
891
891
891
891
875
875
875
875
875
875
877
877
877
877
877
882
882
882
882
882
887
887
887
887
887
887
923
923
923
923
923
958
958
958
958
958
979
979
979
979
979
979
974
974
974
974
974
942
942
942
942
942
911
911
911
911
911
911
884
884
884
884
884
869
869
869
869
869
863
863
863
863
863
863
874
874
874
874
874
882
882
882
882
882
887
887
887
887
887
887
892
892
892
892
892
894
894
894
894
894
882
882
882
882
882
882
892
892
892
892
892
914
914
914
914
914
958
958
958
958
958
958
1020
1020
1020
1020
1020
1056
1056
1056
1056
1056
1068
1068
1068
1068
1068
1068
1047
1047
1047
1047
1047
1017
1017
1017
1017
1017
963
963
963
963
963
963
925
925
925
925
925
897
897
897
897
897
899
899
899
899
899
899
909
909
909
909
909
943
943
943
943
943
971
971
971
971
971
971
988
988
988
988
988
999
999
999
999
999
988
988
988
988
988
988
968
968
968
968
968
939
939
939
939
939
935
935
935
935
935
935
952
952
952
952
952
985
985
985
985
985
1006
1006
1006
1006
1006
1006
1014
1014
1014
1014
1014
1003
1003
1003
1003
1003
976
976
976
976
976
976
931
931
931
931
931
897
897
897
897
897
878
878
878
878
878
878
908
908
908
908
908
940
940
940
940
940
963
963
963
963
963
963
978
978
978
978
978
954
954
954
954
954
898
898
898
898
898
898
852
852
852
852
852
820
820
820
820
820
815
815
815
815
815
815
850
850
850
850
850
926
926
926
926
926
1032
1032
1032
1032
1032
1032
1100
1100
1100
1100
1100
1133
1133
1133
1133
1133
1124
1124
1124
1124
1124
1124
1060
1060
1060
1060
1060
962
962
962
962
962
880
880
880
880
880
880
798
798
798
798
798
795
795
795
795
795
821
821
821
821
821
821
895
895
895
895
895
951
951
951
951
951
1023
1023
1023
1023
1023
1023
1036
1036
1036
1036
1036
1042
1042
1042
1042
1042
1016
1016
1016
1016
1016
1016
997
997
997
997
997
973
973
973
973
973
950
950
950
950
950
950
969
969
969
969
969
974
974
974
974
974
990
990
990
990
990
990
981
981
981
981
981
975
975
975
975
975
956
956
956
956
956
956
918
918
918
918
918
905
905
905
905
905
889
889
889
889
889
889
884
884
884
884
884
903
903
903
903
903
944
944
944
944
944
944
969
969
969
969
969
1005
1005
1005
1005
1005
1016
1016
1016
1016
1016
1016
1007
1007
1007
1007
1007
994
994
994
994
994
945
945
945
945
945
945
914
914
914
914
914
886
886
886
886
886
902
902
902
902
902
902
917
917
917
917
917
921
921
921
921
921
953
953
953
953
953
953
961
961
961
961
961
967
967
967
967
967
953
953
953
953
953
953
948
948
948
948
948
932
932
932
932
932
953
953
953
953
953
953
950
950
950
950
950
973
973
973
973
973
976
976
976
976
976
976
986
986
986
986
986
988
988
988
988
988
959
959
959
959
959
959
962
962
962
962
962
956
956
956
956
956
944
944
944
944
944
944
947
947
947
947
947
941
941
941
941
941
951
951
951
951
951
951
954
954
954
954
954
972
972
972
972
972
979
979
979
979
979
979
1003
1003
1003
1003
1003
994
994
994
994
994
999
999
999
999
999
999
968
968
968
968
968
964
964
964
964
964
967
967
967
967
967
967
955
955
955
955
955
953
953
953
953
953
949
949
949
949
949
949
958
958
958
958
958
951
951
951
951
951
939
939
939
939
939
939
939
939
939
939
939
917
917
917
917
917
892
892
892
892
892
892
866
866
866
866
866
862
862
862
862
862
881
881
881
881
881
881
892
892
892
892
892
926
926
926
926
926
938
938
938
938
938
938
977
977
977
977
977
999
999
999
999
999
1013
1013
1013
1013
1013
1013
991
991
991
991
991
970
970
970
970
970
944
944
944
944
944
944
927
927
927
927
927
941
941
941
941
941
932
932
932
932
932
932
936
936
936
936
936
937
937
937
937
937
954
954
954
954
954
954
958
958
958
958
958
968
968
968
968
968
962
962
962
962
962
962
942
942
942
942
942
954
954
954
954
954
976
976
976
976
976
976
984
984
984
984
984
989
989
989
989
989
980
980
980
980
980
980
971
971
971
971
971
954
954
954
954
954
935
935
935
935
935
935
906
906
906
906
906
900
900
900
900
900
911
911
911
911
911
911
936
936
936
936
936
960
960
960
960
960
985
985
985
985
985
985
995
995
995
995
995
980
980
980
980
980
961
961
961
961
961
961
940
940
940
940
940
909
909
909
909
909
904
904
904
904
904
904
907
907
907
907
907
922
922
922
922
922
929
929
929
929
929
929
933
933
933
933
933
937
937
937
937
937
958
958
958
958
958
958
954
954
954
954
954
941
941
941
941
941
944
944
944
944
944
944
928
928
928
928
928
948
948
948
948
948
938
938
938
938
938
938
939
939
939
939
939
940
940
940
940
940
935
935
935
935
935
935
927
927
927
927
927
917
917
917
917
917
906
906
906
906
906
906
918
918
918
918
918
914
914
914
914
914
926
926
926
926
926
926
941
941
941
941
941
958
958
958
958
958
982
982
982
982
982
982
979
979
979
979
979
973
973
973
973
973
974
974
974
974
974
974
950
950
950
950
950
953
953
953
953
953
939
939
939
939
939
939
931
931
931
931
931
924
924
924
924
924
915
915
915
915
915
915
902
902
902
902
902
910
910
910
910
910
911
911
911
911
911
911
937
937
937
937
937
947
947
947
947
947
984
984
984
984
984
984
1008
1008
1008
1008
1008
1002
1002
1002
1002
1002
1001
1001
1001
1001
1001
1001
969
969
969
969
969
940
940
940
940
940
921
921
921
921
921
921
889
889
889
889
889
894
894
894
894
894
912
912
912
912
912
912
915
915
915
915
915
943
943
943
943
943
959
959
959
959
959
959
968
968
968
968
968
963
963
963
963
963
958
958
958
958
958
958
946
946
946
946
946
943
943
943
943
943
945
945
945
945
945
945
957
957
957
957
957
966
966
966
966
966
961
961
961
961
961
961
958
958
958
958
958
956
956
956
956
956
934
934
934
934
934
934
917
917
917
917
917
887
887
887
887
887
893
893
893
893
893
893
888
888
888
888
888
896
896
896
896
896
897
897
897
897
897
897
896
896
896
896
896
912
912
912
912
912
910
910
910
910
910
910
914
914
914
914
914
930
930
930
930
930
951
951
951
951
951
951
960
960
960
960
960
976
976
976
976
976
988
988
988
988
988
988
975
975
975
975
975
946
946
946
946
946
915
915
915
915
915
915
897
897
897
897
897
867
867
867
867
867
878
878
878
878
878
878
884
884
884
884
884
927
927
927
927
927
963
963
963
963
963
963
996
996
996
996
996
1000
1000
1000
1000
1000
995
995
995
995
995
995
964
964
964
964
964
967
967
967
967
967
928
928
928
928
928
928
919
919
919
919
919
911
911
911
911
911
924
924
924
924
924
924
937
937
937
937
937
951
951
951
951
951