929
929
929
929
929
902
902
902
902
902
880
880
880
880
880
880
854
854
854
854
854
851
851
851
851
851
861
861
861
861
861
861
866
866
866
866
866
885
885
885
885
885
874
874
874
874
874
874
861
861
861
861
861
836
836
836
836
836
831
831
831
831
831
831
812
812
812
812
812
797
797
797
797
797
812
812
812
812
812
812
838
838
838
838
838
874
874
874
874
874
923
923
923
923
923
923
926
926
926
926
926
929
929
929
929
929
896
896
896
896
896
896
884
884
884
884
884
854
854
854
854
854
836
836
836
836
836
836
849
849
849
849
849
873
873
873
873
873
913
913
913
913
913
913
966
966
966
966
966
995
995
995
995
995
1036
1036
1036
1036
1036
1036
1031
1031
1031
1031
1031
1014
1014
1014
1014
1014
976
976
976
976
976
976
934
934
934
934
934
918
918
918
918
918
913
913
913
913
913
913
918
918
918
918
918
953
953
953
953
953
973
973
973
973
973
973
1004
1004
1004
1004
1004
1020
1020
1020
1020
1020
1007
1007
1007
1007
1007
1007
985
985
985
985
985
950
950
950
950
950
929
929
929
929
929
929
918
918
918
918
918
911
911
911
911
911
894
894
894
894
894
894
919
919
919
919
919
920
920
920
920
920
923
923
923
923
923
923
925
925
925
925
925
913
913
913
913
913
893
893
893
893
893
893
891
891
891
891
891
881
881
881
881
881
890
890
890
890
890
890
888
888
888
888
888
887
887
887
887
887
884
884
884
884
884
884
877
877
877
877
877
882
882
882
882
882
873
873
873
873
873
873
874
874
874
874
874
873
873
873
873
873
868
868
868
868
868
868
887
887
887
887
887
890
890
890
890
890
902
902
902
902
902
902
907
907
907
907
907
911
911
911
911
911
907
907
907
907
907
907
904
904
904
904
904
888
888
888
888
888
867
867
867
867
867
867
882
882
882
882
882
881
881
881
881
881
890
890
890
890
890
890
893
893
893
893
893
896
896
896
896
896
880
880
880
880
880
880
893
893
893
893
893
891
891
891
891
891
865
865
865
865
865
865
876
876
876
876
876
843
843
843
843
843
844
844
844
844
844
844
839
839
839
839
839
844
844
844
844
844
842
842
842
842
842
842
857
857
857
857
857
854
854
854
854
854
849
849
849
849
849
849
857
857
857
857
857
870
870
870
870
870
867
867
867
867
867
867
856
856
856
856
856
845
845
845
845
845
846
846
846
846
846
846
828
828
828
828
828
850
850
850
850
850
858
858
858
858
858
858
874
874
874
874
874
879
879
879
879
879
892
892
892
892
892
892
900
900
900
900
900
896
896
896
896
896
918
918
918
918
918
918
887
887
887
887
887
891
891
891
891
891
888
888
888
888
888
888
878
878
878
878
878
881
881
881
881
881
901
901
901
901
901
901
916
916
916
916
916
939
939
939
939
939
932
932
932
932
932
932
939
939
939
939
939
927
927
927
927
927
939
939
939
939
939
939
911
911
911
911
911
906
906
906
906
906
905
905
905
905
905
905
878
878
878
878
878
893
893
893
893
893
901
901
901
901
901
901
917
917
917
917
917
916
916
916
916
916
926
926
926
926
926
926
916
916
916
916
916
899
899
899
899
899
917
917
917
917
917
917
895
895
895
895
895
890
890
890
890
890
878
878
878
878
878
878
871
871
871
871
871
864
864
864
864
864
882
882
882
882
882
882
881
881
881
881
881
907
907
907
907
907
888
888
888
888
888
888
883
883
883
883
883
876
876
876
876
876
866
866
866
866
866
866
869
869
869
869
869
878
878
878
878
878
878
878
878
878
878
878
878
878
878
878
878
874
874
874
874
874
865
865
865
865
865
865
873
873
873
873
873
872
872
872
872
872
871
871
871
871
871
871
858
858
858
858
858
856
856
856
856
856
846
846
846
846
846
846
861
861
861
861
861
874
874
874
874
874
873
873
873
873
873
873
884
884
884
884
884
857
857
857
857
857
854
854
854
854
854
854
840
840
840
840
840
836
836
836
836
836
835
835
835
835
835
835
839
839
839
839
839
836
836
836
836
836
823
823
823
823
823
823
836
836
836
836
836
844
844
844
844
844
850
850
850
850
850
850
847
847
847
847
847
844
844
844
844
844
818
818
818
818
818
818
803
803
803
803
803
803
803
803
803
803
802
802
802
802
802
802
798
798
798
798
798
794
794
794
794
794
794
794
794
794
794
794
811
811
811
811
811
813
813
813
813
813
841
841
841
841
841
841
848
848
848
848
848
841
841
841
841
841
845
845
845
845
845
845
819
819
819
819
819
793
793
793
793
793
786
786
786
786
786
786
778
778
778
778
778
772
772
772
772
772
761
761
761
761
761
761
773
773
773
773
773
785
785
785
785
785
810
810
810
810
810
810
826
826
826
826
826
833
833
833
833
833
827
827
827
827
827
827
830
830
830
830
830
812
812
812
812
812
801
801
801
801
801
801
796
796
796
796
796
780
780
780
780
780
770
770
770
770
770
770
770
770
770
770
770
757
757
757
757
757
775
775
775
775
775
775
784
784
784
784
784
788
788
788
788
788
799
799
799
799
799
799
802
802
802
802
802
799
799
799
799
799
796
796
796
796
796
796
814
814
814
814
814
810
810
810
810
810
803
803
803
803
803
803
795
795
795
795
795
791
791
791
791
791
783
783
783
783
783
783
800
800
800
800
800
790
790
790
790
790
798
798
798
798
798
798
806
806
806
806
806
805
805
805
805
805
806
806
806
806
806
806
820
820
820
820
820
825
825
825
825
825
812
812
812
812
812
812
810
810
810
810
810
817
817
817
817
817
804
804
804
804
804
804
806
806
806
806
806
799
799
799
799
799
800
800
800
800
800
800
800
800
800
800
800
807
807
807
807
807
807
807
807
807
807
807
808
808
808
808
808
806
806
806
806
806
816
816
816
816
816
816
813
813
813
813
813
811
811
811
811
811
818
818
818
818
818
818
832
832
832
832
832
841
841
841
841
841
845
845
845
845
845
845
867
867
867
867
867
880
880
880
880
880
869
869
869
869
869
869
886
886
886
886
886
892
892
892
892
892
898
898
898
898
898
898
911
911
911
911
911
914
914
914
914
914
921
921
921
921
921
921
932
932
932
932
932
943
943
943
943
943
955
955
955
955
955
955
956
956
956
956
956
971
971
971
971
971
965
965
965
965
965
965
977
977
977
977
977
965
965
965
965
965
972
972
972
972
972
972
993
993
993
993
993
996
996
996
996
996
1017
1017
1017
1017
1017
1017
1027
1027
1027
1027
1027
1056
1056
1056
1056
1056
1084
1084
1084
1084
1084
1084
1103
1103
1103
1103
1103
1125
1125
1125
1125
1125
1127
1127
1127
1127
1127
1127
1117
1117
1117
1117
1117
1107
1107
1107
1107
1107
1098
1098
1098
1098
1098
1098
1090
1090
1090
1090
1090
1084
1084
1084
1084
1084
1088
1088
1088
1088
1088
1088
1087
1087
1087
1087
1087
1108
1108
1108
1108
1108
1139
1139
1139
1139
1139
1139
1161
1161
1161
1161
1161
1173
1173
1173
1173
1173
1200
1200
1200
1200
1200
1200
1209
1209
1209
1209
1209
1199
1199
1199
1199
1199
1177
1177
1177
1177
1177
1177
1165
1165
1165
1165
1165
1150
1150
1150
1150
1150
1130
1130
1130
1130
1130
1130
1132
1132
1132
1132
1132
1128
1128
1128
1128
1128
1145
1145
1145
1145
1145
1145
1152
1152
1152
1152
1152
1170
1170
1170
1170
1170
1192
1192
1192
1192
1192
1192
1208
1208
1208
1208
1208
1200
1200
1200
1200
1200
1197
1197
1197
1197
1197
1197
1194
1194
1194
1194
1194
1177
1177
1177
1177
1177
1187
1187
1187
1187
1187
1187
1169
1169
1169
1169
1169
1172
1172
1172
1172
1172
1163
1163
1163
1163
1163
1163
1170
1170
1170
1170
1170
1171
1171
1171
1171
1171
1179
1179
1179
1179
1179
1179
1170
1170
1170
1170
1170
1167
1167
1167
1167
1167
1166
1166
1166
1166
1166
1166
1157
1157
1157
1157
1157
1171
1171
1171
1171
1171
1161
1161
1161
1161
1161
1161
1170
1170
1170
1170
1170
1176
1176
1176
1176
1176
1171
1171
1171
1171
1171
1171
1172
1172
1172
1172
1172
1166
1166
1166
1166
1166
1153
1153
1153
1153
1153
1153
1164
1164
1164
1164
1164
1137
1137
1137
1137
1137
1136
1136
1136
1136
1136
1136
1117
1117
1117
1117
1117
1112
1112
1112
1112
1112
1122
1122
1122
1122
1122
1122
1126
1126
1126
1126
1126
1124
1124
1124
1124
1124
1129
1129
1129
1129
1129
1129
1147
1147
1147
1147
1147
1132
1132
1132
1132
1132
1134
1134
1134
1134
1134
1134
1128
1128
1128
1128
1128
1123
1123
1123
1123
1123
1111
1111
1111
1111
1111
1111
1098
1098
1098
1098
1098
1087
1087
1087
1087
1087
1083
1083
1083
1083
1083
1083
1077
1077
1077
1077
1077
1073
1073
1073
1073
1073
1086
1086
1086
1086
1086
1086
1085
1085
1085
1085
1085
1083
1083
1083
1083
1083
1090
1090
1090
1090
1090
1090
1095
1095
1095
1095
1095
1094
1094
1094
1094
1094
1091
1091
1091
1091
1091
1091
1091
1091
1091
1091
1091
1095
1095
1095
1095
1095
1098
1098
1098
1098
1098
1098
1096
1096
1096
1096
1096
1119
1119
1119
1119
1119
1127
1127
1127
1127
1127
1127
1147
1147
1147
1147
1147
1161
1161
1161
1161
1161
1174
1174
1174
1174
1174
1174
1194
1194
1194
1194
1194
1209
1209
1209
1209
1209
1222
1222
1222
1222
1222
1222
1202
1202
1202
1202
1202
1213
1213
1213
1213
1213
1203
1203
1203
1203
1203
1203
1196
1196
1196
1196
1196
1207
1207
1207
1207
1207
1212
1212
1212
1212
1212
1212
1226
1226
1226
1226
1226
1239
1239
1239
1239
1239
1263
1263
1263
1263
1263
1263
1277
1277
1277
1277
1277
1300
1300
1300
1300
1300
1311
1311
1311
1311
1311
1311
1324
1324
1324
1324
1324
1330
1330
1330
1330
1330
1344
1344
1344
1344
1344
1344
1370
1370
1370
1370
1370
1381
1381
1381
1381
1381
1421
1421
1421
1421
1421
1421
1438
1438
1438
1438
1438
1475
1475
1475
1475
1475
1497
1497
1497
1497
1497
1497
1540
1540
1540
1540
1540
1574
1574
1574
1574
1574
1595
1595
1595
1595
1595
1595
1638
1638
1638
1638
1638
1659
1659
1659
1659
1659
1690
1690
1690
1690
1690
1690
1701
1701
1701
1701
1701
1734
1734
1734
1734
1734
1740
1740
1740
1740
1740
1740
1753
1753
1753
1753
1753
1752
1752
1752
1752
1752
1748
1748
1748
1748
1748
1748
1740
1740
1740
1740
1740
1723
1723
1723
1723
1723
1701
1701
1701
1701
1701
1701
1681
1681
1681
1681
1681
1675
1675
1675
1675
1675
1667
1667
1667
1667
1667
1667
1668
1668
1668
1668
1668
1664
1664
1664
1664
1664
1664
1664
1664
1664
1664
1664
1667
1667
1667
1667
1667
1656
1656
1656
1656
1656
1642
1642
1642
1642
1642
1642
1646
1646
1646
1646
1646
1637
1637
1637
1637
1637
1626
1626
1626
1626
1626
1626
1617
1617
1617
1617
1617
1608
1608
1608
1608
1608
1611
1611
1611
1611
1611
1611
1605
1605
1605
1605
1605
1613
1613
1613
1613
1613
1613
1613
1613
1613
1613
1613
1607
1607
1607
1607
1607
1609
1609
1609
1609
1609
1615
1615
1615
1615
1615
1615
1610
1610
1610
1610
1610
1606
1606
1606
1606
1606
1595
1595
1595
1595
1595
1595
1581
1581
1581
1581
1581
1549
1549
1549
1549
1549
1512
1512
1512
1512
1512
1512
1475
1475
1475
1475
1475
1427
1427
1427
1427
1427
1371
1371
1371
1371
1371
1371
1325
1325
1325
1325
1325
1264
1264
1264
1264
1264
1211
1211
1211
1211
1211
1211
1146
1146
1146
1146
1146
1097
1097
1097
1097
1097
1043
1043
1043
1043
1043
1043
1008
1008
1008
1008
1008
978
978
978
978
978
960
960
960
960
960
960
960
960
960
960
960
962
962
962
962
962
978
978
978
978
978
978
979
979
979
979
979
991
991
991
991
991
977
977
977
977
977
977
961
961
961
961
961
932
932
932
932
932
906
906
906
906
906
906
876
876
876
876
876
846
846
846
846
846
809
809
809
809
809
809
792
792
792
792
792
789
789
789
789
789
796
796
796
796
796
796
807
807
807
807
807
808
808
808
808
808
820
820
820
820
820
820
828
828
828
828
828
836
836
836
836
836
809
809
809
809
809
809
806
806
806
806
806
776
776
776
776
776
755
755
755
755
755
755
741
741
741
741
741
708
708
708
708
708
690
690
690
690
690
690
702
702
702
702
702
691
691
691
691
691
700
700
700
700
700
700
724
724
724
724
724
724
724
724
724
724
747
747
747
747
747
747
762
762
762
762
762
782
782
782
782
782
785
785
785
785
785
785
772
772
772
772
772
765
765
765
765
765
753
753
753
753
753
740
740
740
740
740
740
717
717
717
717
717
701
701
701
701
701
712
712
712
712
712
712
711
711
711
711
711
715
715
715
715
715
715
712
712
712
712
712
726
726
726
726
726
728
728
728
728
728
729
729
729
729
729
729
728
728
728
728
728
722
722
722
722
722
718
718
718
718
718
718
714
714
714
714
714
719
719
719
719
719
719
706
706
706
706
706
720
720
720
720
720
723
723
723
723
723
734
734
734
734
734
734
750
750
750
750
750
758
758
758
758
758
765
765
765
765
765
765
761
761
761
761
761
778
778
778
778
778
778
782
782
782
782
782
798
798
798
798
798
804
804
804
804
804
823
823
823
823
823
823
851
851
851
851
851
865
865
865
865
865
886
886
886
886
886
886
906
906
906
906
906
926
926
926
926
926
926
944
944
944
944
944
960
960
960
960
960
967
967
967
967
967
981
981
981
981
981
981
976
976
976
976
976
1019
1019
1019
1019
1019
998
998
998
998
998
998
1011
1011
1011
1011
1011
1015
1015
1015
1015
1015
1015
1008
1008
1008
1008
1008
1011
1011
1011
1011
1011
996
996
996
996
996
1015
1015
1015
1015
1015
1015
1015
1015
1015
1015
1015
1014
1014
1014
1014
1014
1024
1024
1024
1024
1024
1024
1028
1028
1028
1028
1028
1049
1049
1049
1049
1049
1049
1053
1053
1053
1053
1053
1060
1060
1060
1060
1060
1053
1053
1053
1053
1053
1059
1059
1059
1059
1059
1059
1070
1070
1070
1070
1070
1049
1049
1049
1049
1049
1043
1043
1043
1043
1043
1043
1038
1038
1038
1038
1038
1026
1026
1026
1026
1026
1026
1021
1021
1021
1021
1021
997
997
997
997
997
987
987
987
987
987
984
984
984
984
984
984
976
976
976
976
976
967
967
967
967
967
968
968
968
968
968
968
960
960
960
960
960
937
937
937
937
937
937
923
923
923
923
923
905
905
905
905
905
892
892
892
892
892
880
880
880
880
880
880
855
855
855
855
855
843
843
843
843
843
820
820
820
820
820
820
819
819
819
819
819
803
803
803
803
803
803
808
808
808
808
808
793
793
793
793
793
807
807
807
807
807
805
805
805
805
805
805
812
812
812
812
812
818
818
818
818
818
836
836
836
836
836
836
846
846
846
846
846
868
868
868
868
868
868
869
869
869
869
869
871
871
871
871
871
863
863
863
863
863
872
872
872
872
872
872
854
854
854
854
854
865
865
865
865
865
873
873
873
873
873
873
879
879
879
879
879
898
898
898
898
898
898
927
927
927
927
927
945
945
945
945
945
968
968
968
968
968
981
981
981
981
981
981
987
987
987
987
987
989
989
989
989
989
984
984
984
984
984
984
988
988
988
988
988
966
966
966
966
966
966
972
972
972
972
972
976
976
976
976
976
979
979
979
979
979
972
972
972
972
972
972
972
972
972
972
972
964
964
964
964
964
957
957
957
957
957
957
944
944
944
944
944
934
934
934
934
934
934
924
924
924
924
924
920
920
920
920
920
903
903
903
903
903
910
910
910
910
910
910
913
913
913
913
913
916
916
916
916
916
919
919
919
919
919
919
911
911
911
911
911
910
910
910
910
910
910
902
902
902
902
902
878
878
878
878
878
847
847
847
847
847
836
836
836
836
836
836
814
814
814
814
814
799
799
799
799
799
797
797
797
797
797
797
784
784
784
784
784
813
813
813
813
813
813
820
820
820
820
820
835
835
835
835
835
852
852
852
852
852
865
865
865
865
865
865
873
873
873
873
873
889
889
889
889
889
886
886
886
886
886
886
889
889
889
889
889
900
900
900
900
900
900
898
898
898
898
898
917
917
917
917
917
919
919
919
919
919
939
939
939
939
939
939
953
953
953
953
953
967
967
967
967
967
979
979
979
979
979
979
988
988
988
988
988
992
992
992
992
992
992
993
993
993
993
993
1004
1004
1004
1004
1004
1010
1010
1010
1010
1010
1019
1019
1019
1019
1019
1019
1028
1028
1028
1028
1028
1010
1010
1010
1010
1010
1018
1018
1018
1018
1018
1018
1009
1009
1009
1009
1009
1015
1015
1015
1015
1015
1015
1028
1028
1028
1028
1028
1024
1024
1024
1024
1024
1022
1022
1022
1022
1022
1021
1021
1021
1021
1021
1021
1005
1005
1005
1005
1005
1013
1013
1013
1013
1013
1003
1003
1003
1003
1003
1003
996
996
996
996
996
993
993
993
993
993
993
990
990
990
990
990
987
987
987
987
987
973
973
973
973
973
974
974
974
974
974
974
969
969
969
969
969
964
964
964
964
964
957
957
957
957
957
957
945
945
945
945
945
940
940
940
940
940
940
936
936
936
936
936
925
925
925
925
925
938
938
938
938
938
935
935
935
935
935
935
948
948
948
948
948
946
946
946
946
946
939
939
939
939
939
939
938
938
938
938
938
935
935
935
935
935
935
937
937
937
937
937
933
933
933
933
933
936
936
936
936
936
944
944
944
944
944
944
963
963
963
963
963
968
968
968
968
968
987
987
987
987
987
987
996
996
996
996
996
992
992
992
992
992
992
994
994
994
994
994
979
979
979
979
979
985
985
985
985
985
979
979
979
979
979
979
987
987
987
987
987
998
998
998
998
998
1019
1019
1019
1019
1019
1019
1044
1044
1044
1044
1044
1054
1054
1054
1054
1054
1054
1075
1075
1075
1075
1075
1070
1070
1070
1070
1070
1071
1071
1071
1071
1071
1060
1060
1060
1060
1060
1060
1049
1049
1049
1049
1049
1029
1029
1029
1029
1029
1027
1027
1027
1027
1027
1027
1033
1033
1033
1033
1033
1037
1037
1037
1037
1037
1037
1041
1041
1041
1041
1041
1056
1056
1056
1056
1056
1060
1060
1060
1060
1060
1059
1059
1059
1059
1059
1059
1058
1058
1058
1058
1058
1043
1043
1043
1043
1043
1028
1028
1028
1028
1028
1028
1006
1006
1006
1006
1006
1003
1003
1003
1003
1003
1003
998
998
998
998
998
999
999
999
999
999
1001
1001
1001
1001
1001
1004
1004
1004
1004
1004
1004
1000
1000
1000
1000
1000
987
987
987
987
987
971
971
971
971
971
971
956
956
956
956
956
940
940
940
940
940
940
926
926
926
926
926
923
923
923
923
923
919
919
919
919
919
917
917
917
917
917
917
926
926
926
926
926
915
915
915
915
915
903
903
903
903
903
903
907
907
907
907
907
896
896
896
896
896
896
886
886
886
886
886
868
868
868
868
868
859
859
859
859
859
861
861
861
861
861
861
849
849
849
849
849
853
853
853
853
853
861
861
861
861
861
861
861
861
861
861
861
859
859
859
859
859
859
868
868
868
868
868
857
857
857
857
857
852
852
852
852
852
859
859
859
859
859
859
849
849
849
849
849
857
857
857
857
857
861
861
861
861
861
861
866
866
866
866
866
872
872
872
872
872
872
883
883
883
883
883
874
874
874
874
874
888
888
888
888
888
892
892
892
892
892
892
886
886
886
886
886
896
896
896
896
896
891
891
891
891
891
891
893
893
893
893
893
895
895
895
895
895
895
892
892
892
892
892
902
902
902
902
902
902
902
902
902
902
902
902
902
902
902
902
904
904
904
904
904
910
910
910
910
910
908
908
908
908
908
908
912
912
912
912
912
902
902
902
902
902
902
914
914
914
914
914
906
906
906
906
906
900
900
900
900
900
894
894
894
894
894
894
905
905
905
905
905
903
903
903
903
903
907
907
907
907
907
907
908
908
908
908
908
912
912
912
912
912
912
909
909
909
909
909
908
908
908
908
908
911
911
911
911
911
905
905
905
905
905
905
911
911
911
911
911
912
912
912
912
912
917
917
917
917
917
917
922
922
922
922
922
932
932
932
932
932
932
940
940
940
940
940
929
929
929
929
929
928
928
928
928
928
932
932
932
932
932
932
914
914
914
914
914
909
909
909
909
909
902
902
902
902
902
902
918
918
918
918
918
915
915
915
915
915
915
910
910
910
910
910
930
930
930
930
930
931
931
931
931
931
936
936
936
936
936
936
936
936
936
936
936
936
936
936
936
936
930
930
930
930
930
930
921
921
921
921
921
909
909
909
909
909
909
913
913
913
913
913
916
916
916
916
916
930
930
930
930
930
944
944
944
944
944
944
955
955
955
955
955
962
962
962
962
962
976
976
976
976
976
976
975
975
975
975
975
972
972
972
972
972
972
982
982
982
982
982
978
978
978
978
978
977
977
977
977
977
982
982
982
982
982
982
987
987
987
987
987
998
998
998
998
998
1014
1014
1014
1014
1014
1014
1014
1014
1014
1014
1014
1017
1017
1017
1017
1017
1017
1029
1029
1029
1029
1029
1015
1015
1015
1015
1015
1026
1026
1026
1026
1026
1008
1008
1008
1008
1008
1008
1010
1010
1010
1010
1010
1013
1013
1013
1013
1013
1026
1026
1026
1026
1026
1026
1029
1029
1029
1029
1029
1032
1032
1032
1032
1032
1032
1046
1046
1046
1046
1046
1048
1048
1048
1048
1048
1052
1052
1052
1052
1052
1030
1030
1030
1030
1030
1030
1020
1020
1020
1020
1020
1002
1002
1002
1002
1002
998
998
998
998
998
998
994
994
994
994
994
979
979
979
979
979
979
988
988
988
988
988
996
996
996
996
996
997
997
997
997
997
982
982
982
982
982
982
993
993
993
993
993
984
984
984
984
984
982
982
982
982
982
982
973
973
973
973
973
976
976
976
976
976
976
961
961
961
961
961
964
964
964
964
964
967
967
967
967
967
963
963
963
963
963
963
975
975
975
975
975
958
958
958
958
958
957
957
957
957
957
957
957
957
957
957
957
952
952
952
952
952
952
935
935
935
935
935
943
943
943
943
943
954
954
954
954
954
948
948
948
948
948
948
949
949
949
949
949
962
962
962
962
962
962
962
962
962
962
962
967
967
967
967
967
965
965
965
965
965
965
948
948
948
948
948
941
941
941
941
941
930
930
930
930
930
912
912
912
912
912
912
907
907
907
907
907
909
909
909
909
909
908
908
908
908
908
908
913
913
913
913
913
925
925
925
925
925
925
933
933
933
933
933
923
923
923
923
923
909
909
909
909
909
887
887
887
887
887
887
871
871
871
871
871
860
860
860
860
860
864
864
864
864
864
864
842
842
842
842
842
845
845
845
845
845
845
845
845
845
845
845
852
852
852
852
852
855
855
855
855
855
845
845
845
845
845
845
837
837
837
837
837
826
826
826
826
826
811
811
811
811
811
811
805
805
805
805
805
805
805
805
805
805
805
791
791
791
791
791
789
789
789
789
789
796
796
796
796
796
796
796
796
796
796
796
800
800
800
800
800
796
796
796
796
796
803
803
803
803
803
803
807
807
807
807
807
809
809
809
809
809
809
785
785
785
785
785
783
783
783
783
783
781
781
781
781
781
783
783
783
783
783
783
795
795
795
795
795
811
811
811
811
811
828
828
828
828
828
828
836
836
836
836
836
846
846
846
846
846
846
842
842
842
842
842
851
851
851
851
851
846
846
846
846
846
848
848
848
848
848
848
836
836
836
836
836
854
854
854
854
854
861
861
861
861
861
861
876
876
876
876
876
892
892
892
892
892
892
919
919
919
919
919
926
926
926
926
926
942
942
942
942
942
945
945
945
945
945
945
931
931
931
931
931
931
931
931
931
931
916
916
916
916
916
916
909
909
909
909
909
912
912
912
912
912
912
899
899
899
899
899
930
930
930
930
930
946
946
946
946
946
970
970
970
970
970
970
997
997
997
997
997
997
997
997
997
997
1000
1000
1000
1000
1000
1000
1018
1018
1018
1018
1018
1032
1032
1032
1032
1032
1032
1025
1025
1025
1025
1025
1032
1032
1032
1032
1032
1042
1042
1042
1042
1042
1065
1065
1065
1065
1065
1065
1078
1078
1078
1078
1078
1115
1115
1115
1115
1115
1128
1128
1128
1128
1128
1128
1152
1152
1152
1152
1152
1170
1170
1170
1170
1170
1170
1175
1175
1175
1175
1175
1181
1181
1181
1181
1181
1163
1163
1163
1163
1163
1182
1182
1182
1182
1182
1182
1179
1179
1179
1179
1179
1169
1169
1169
1169
1169
1166
1166
1166
1166
1166
1166
1151