994
984
984
984
984
984
975
975
975
975
975
994
994
994
994
994
994
973
973
973
973
973
997
997
997
997
997
988
988
988
988
988
988
990
990
990
990
990
988
988
988
988
988
985
985
985
985
985
985
998
998
998
998
998
986
986
986
986
986
972
972
972
972
972
972
971
971
971
971
971
991
991
991
991
991
984
984
984
984
984
984
983
983
983
983
983
970
970
970
970
970
972
972
972
972
972
972
987
987
987
987
987
992
992
992
992
992
992
992
992
992
992
992
988
988
988
988
988
993
993
993
993
993
974
974
974
974
974
974
978
978
978
978
978
979
979
979
979
979
983
983
983
983
983
983
989
989
989
989
989
994
994
994
994
994
984
984
984
984
984
984
993
993
993
993
993
990
990
990
990
990
981
981
981
981
981
981
1004
1004
1004
1004
1004
987
987
987
987
987
989
989
989
989
989
989
966
966
966
966
966
987
987
987
987
987
974
974
974
974
974
974
981
981
981
981
981
976
976
976
976
976
979
979
979
979
979
979
993
993
993
993
993
984
984
984
984
984
987
987
987
987
987
987
982
982
982
982
982
978
978
978
978
978
996
996
996
996
996
996
981
981
981
981
981
985
985
985
985
985
1002
1002
1002
1002
1002
1002
982
982
982
982
982
979
979
979
979
979
975
975
975
975
975
975
989
989
989
989
989
972
972
972
972
972
975
975
975
975
975
975
986
986
986
986
986
970
970
970
970
970
977
977
977
977
977
977
977
977
977
977
977
990
990
990
990
990
997
997
997
997
997
997
977
977
977
977
977
992
992
992
992
992
1001
1001
1001
1001
1001
1001
977
977
977
977
977
990
990
990
990
990
984
984
984
984
984
984
986
986
986
986
986
983
983
983
983
983
970
970
970
970
970
970
990
990
990
990
990
983
983
983
983
983
972
972
972
972
972
972
993
993
993
993
993
978
978
978
978
987
987
987
987
987
987
964
964
964
964
964
991
991
991
991
991
983
983
983
983
983
983
979
979
979
979
979
978
978
978
978
978
981
981
981
981
981
981
989
989
989
989
989
988
988
988
988
988
990
990
990
990
990
990
987
987
987
987
987
978
978
978
978
978
989
989
989
989
989
989
1012
1012
1012
1012
1012
984
984
984
984
984
976
976
976
976
976
976
970
970
970
970
970
991
991
991
991
991
971
971
971
971
971
971
981
981
981
981
981
984
984
984
984
984
963
963
963
963
963
963
978
978
978
978
978
993
993
993
993
993
984
984
984
984
984
984
992
992
992
992
992
986
986
986
986
986
986
986
986
986
986
986
983
983
983
983
983
996
996
996
996
996
989
989
989
989
989
989
992
992
992
992
992
993
993
993
993
993
988
988
988
988
988
988
993
993
993
993
993
969
969
969
969
969
964
964
964
964
964
964
981
981
981
981
981
994
994
994
994
994
978
978
978
978
978
978
989
989
989
989
989
1005
1005
1005
1005
1005
1001
1001
1001
1001
1001
1001
992
992
992
992
992
980
980
980
980
980
999
999
999
999
999
999
1003
1003
1003
1003
1003
1003
1003
1003
1003
1003
1008
1008
1008
1008
1008
1008
969
969
969
969
969
998
998
998
998
998
957
957
957
957
957
957
977
977
977
977
977
987
987
987
987
987
999
999
999
999
999
999
999
999
999
999
999
984
984
984
984
984
1024
1024
1024
1024
1024
1024
990
990
990
990
990
998
998
998
998
998
1012
1012
1012
1012
1012
1012
1004
1004
1004
1004
1004
1001
1001
1001
1001
1001
1019
1019
1019
1019
1019
1019
1045
1045
1045
1045
1045
1034
1034
1034
1034
1034
1041
1041
1041
1041
1041
1041
952
952
952
952
952
767
767
767
767
767
628
628
628
628
628
628
567
567
567
567
567
536
536
536
536
536
538
538
538
538
538
538
543
543
543
543
543
587
587
587
587
587
769
769
769
769
769
769
1660
1660
1660
1660
1660
2718
2718
2718
2718
2718
3282
3282
3282
3282
3282
3282
3408
3408
3408
3408
3408
3093
3093
3093
3093
3093
2481
2481
2481
2481
2481
2481
1738
1738
1738
1738
1738
1173
1173
1173
1173
1173
890
890
890
890
890
890
825
825
825
825
825
989
989
989
989
989
1390
1390
1390
1390
1390
1390
1880
1880
1880
1880
1880
2092
2092
2092
2092
2092
2145
2145
2145
2145
2145
2145
2042
2042
2042
2042
2042
1778
1778
1778
1778
1778
1383
1383
1383
1383
1383
1383
961
961
961
961
961
733
733
733
733
733
688
688
688
688
688
688
660
660
660
660
660
636
636
636
636
636
642
642
642
642
642
642
649
649
649
649
649
670
670
670
670
670
696
696
696
696
696
696
697
697
697
697
697
723
723
723
723
723
766
766
766
766
766
766
806
806
806
806
806
803
803
803
803
803
809
809
809
809
809
809
840
840
840
840
840
894
894
894
894
894
958
958
958
958
958
958
989
989
989
989
989
1157
1157
1157
1157
1157
1436
1436
1436
1436
1436
1436
1768
1768
1768
1768
1768
2049
2049
2049
2049
2049
2213
2213
2213
2213
2213
2213
2230
2230
2230
2230
2230
2030
2030
2030
2030
2030
1658
1658
1658
1658
1658
1658
1164
1164
1164
1164
1164
835
835
835
835
835
706
706
706
706
706
706
660
660
660
660
660
671
671
671
671
671
704
704
704
704
704
704
732
732
732
732
732
819
819
819
819
819
915
915
915
915
915
915
984
984
984
984
984
964
964
964
964
964
948
948
948
948
948
948
936
936
936
936
936
903
903
903
903
903
966
966
966
966
966
966
1051
1051
1051
1051
1051
1260
1260
1260
1260
1260
1468
1468
1468
1468
1468
1468
1562
1562
1562
1562
1562
1536
1536
1536
1536
1536
1431
1431
1431
1431
1431
1431
1184
1184
1184
1184
1184
967
967
967
967
967
835
835
835
835
835
835
768
768
768
768
768
767
767
767
767
767
771
771
771
771
771
771
824
824
824
824
824
862
862
862
862
862
949
949
949
949
949
949
1088
1088
1088
1088
1088
1155
1155
1155
1155
1155
1198
1198
1198
1198
1198
1198
1305
1305
1305
1305
1305
1420
1420
1420
1420
1420
1538
1538
1538
1538
1538
1538
1507
1507
1507
1507
1507
1419
1419
1419
1419
1419
1203
1203
1203
1203
1203
1203
953
953
953
953
953
769
769
769
769
769
682
682
682
682
682
682
667
667
667
667
667
677
677
677
677
677
741
741
741
741
741
741
891
891
891
891
891
1142
1142
1142
1142
1142
1323
1323
1323
1323
1323
1323
1336
1336
1336
1336
1336
1220
1220
1220
1220
1220
1067
1067
1067
1067
1067
1067
931
931
931
931
931
804
804
804
804
804
764
764
764
764
764
764
760
760
760
760
760
777
777
777
777
777
864
864
864
864
864
864
952
952
952
952
952
1003
1003
1003
1003
1003
1131
1131
1131
1131
1131
1131
1122
1122
1122
1122
1122
1198
1198
1198
1198
1198
1194
1194
1194
1194
1194
1194
1149
1149
1149
1149
1149
1146
1146
1146
1146
1146
1120
1120
1120
1120
1120
1120
1160
1160
1160
1160
1160
1133
1133
1133
1133
1133
1107
1107
1107
1107
1107
1107
1110
1110
1110
1110
1110
1107
1107
1107
1107
1107
1115
1115
1115
1115
1115
1115
1103
1103
1103
1103
1103
1073
1073
1073
1073
1073
1112
1112
1112
1112
1112
1112
1091
1091
1091
1091
1091
1024
1024
1024
1024
1024
940
940
940
940
940
940
869
869
869
869
869
824
824
824
824
824
792
792
792
792
792
792
767
767
767
767
767
771
771
771
771
771
769
769
769
769
769
769
786
786
786
786
786
798
798
798
798
798
860
860
860
860
860
860
936
936
936
936
936
1057
1057
1057
1057
1057
1144
1144
1144
1144
1144
1144
1263
1263
1263
1263
1263
1378
1378
1378
1378
1378
1452
1452
1452
1452
1452
1452
1416
1416
1416
1416
1416
1326
1326
1326
1326
1326
1293
1293
1293
1293
1293
1293
1199
1199
1199
1199
1199
1107
1107
1107
1107
1107
998
998
998
998
998
998
939
939
939
939
939
852
852
852
852
852
851
851
851
851
851
851
851
851
851
851
851
842
842
842
842
842
864
864
864
864
864
864
878
878
878
878
878
939
939
939
939
939
974
974
974
974
974
974
1020
1020
1020
1020
1020
1022
1022
1022
1022
1022
989
989
989
989
989
989
944
944
944
944
944
911
911
911
911
911
853
853
853
853
853
853
857
857
857
857
857
814
814
814
814
814
823
823
823
823
823
823
861
861
861
861
861
841
841
841
841
841
895
895
895
895
895
895
917
917
917
917
917
940
940
940
940
940
1016
1016
1016
1016
1016
1016
1011
1011
1011
1011
1011
1058
1058
1058
1058
1058
1128
1128
1128
1128
1128
1128
1198
1198
1198
1198
1198
1224
1224
1224
1224
1224
1239
1239
1239
1239
1239
1239
1232
1232
1232
1232
1232
1221
1221
1221
1221
1221
1123
1123
1123
1123
1123
1123
1070
1070
1070
1070
1070
1053
1053
1053
1053
1053
1034
1034
1034
1034
1034
1034
1028
1028
1028
1028
1028
1052
1052
1052
1052
1052
1080
1080
1080
1080
1080
1080
1140
1140
1140
1140
1140
1150
1150
1150
1150
1150
1137
1137
1137
1137
1137
1137
1123
1123
1123
1123
1123
1074
1074
1074
1074
1074
1052
1052
1052
1052
1052
1052
988
988
988
988
988
918
918
918
918
918
907
907
907
907
907
907
864
864
864
864
864
872
872
872
872
872
831
831
831
831
831
831
838
838
838
838
838
839
839
839
839
839
804
804
804
804
804
804
807
807
807
807
807
798
798
798
798
798
786
786
786
786
786
786
797
797
797
797
797
809
809
809
809
809
834
834
834
834
834
834
886
886
886
886
886
898
898
898
898
898
981
981
981
981
981
981
1069
1069
1069
1069
1069
1195
1195
1195
1195
1195
1262
1262
1262
1262
1262
1262
1304
1304
1304
1304
1304
1283
1283
1283
1283
1283
1244
1244
1244
1244
1244
1244
1202
1202
1202
1202
1202
1125
1125
1125
1125
1125
1066
1066
1066
1066
1066
1066
981
981
981
981
981
926
926
926
926
926
838
838
838
838
838
838
835
835
835
835
835
813
813
813
813
813
815
815
815
815
815
815
844
844
844
844
844
853
853
853
853
853
957
957
957
957
957
957
983
983
983
983
983
1081
1081
1081
1081
1081
1091
1091
1091
1091
1091
1091
1105
1105
1105
1105
1105
1101
1101
1101
1101
1101
1077
1077
1077
1077
1077
1077
1048
1048
1048
1048
1048
1045
1045
1045
1045
1045
1084
1084
1084
1084
1084
1084
1096
1096
1096
1096
1096
1101
1101
1101
1101
1101
1125
1125
1125
1125
1125
1125
1145
1145
1145
1145
1145
1132
1132
1132
1132
1132
1134
1134
1134
1134
1134
1134
1066
1066
1066
1066
1066
1040
1040
1040
1040
1040
1004
1004
1004
1004
1004
1004
984
984
984
984
984
966
966
966
966
966
980
980
980
980
980
980
956
956
956
956
956
937
937
937
937
937
924
924
924
924
924
924
917
917
917
917
917
933
933
933
933
933
911
911
911
911
911
911
885
885
885
885
885
899
899
899
899
899
934
934
934
934
934
934
941
941
941
941
941
987
987
987
987
987
1015
1015
1015
1015
1015
1015
1034
1034
1034
1034
1034
1045
1045
1045
1045
1045
1042
1042
1042
1042
1042
1042
1017
1017
1017
1017
1017
968
968
968
968
968
923
923
923
923
923
923
884
884
884
884
884
861
861
861
861
861
881
881
881
881
881
881
873
873
873
873
873
946
946
946
946
946
995
995
995
995
995
995
1053
1053
1053
1053
1053
1150
1150
1150
1150
1150
1189
1189
1189
1189
1189
1189
1211
1211
1211
1211
1211
1189
1189
1189
1189
1189
1170
1170
1170
1170
1170
1170
1068
1068
1068
1068
1068
1030
1030
1030
1030
1030
928
928
928
928
928
928
929
929
929
929
929
893
893
893
893
893
878
878
878
878
878
878
919
919
919
919
919
910
910
910
910
910
954
954
954
954
954
954
1000
1000
1000
1000
1000
1021
1021
1021
1021
1021
1023
1023
1023
1023
1023
1023
1019
1019
1019
1019
1019
991
991
991
991
991
958
958
958
958
958
958
921
921
921
921
921
878
878
878
878
878
876
876
876
876
876
876
854
854
854
854
854
915
915
915
915
915
966
966
966
966
966
966
1011
1011
1011
1011
1011
1092
1092
1092
1092
1092
1136
1136
1136
1136
1136
1136
1141
1141
1141
1141
1141
1142
1142
1142
1142
1142
1086
1086
1086
1086
1086
1086
1036
1036
1036
1036
1036
996
996
996
996
996
962
962
962
962
962
962
944
944
944
944
944
935
935
935
935
935
944
944
944
944
944
944
939
939
939
939
939
962
962
962
962
962
996
996
996
996
996
996
1003
1003
1003
1003
1003
1015
1015
1015
1015
1015
1036
1036
1036
1036
1036
1036
1035
1035
1035
1035
1035
997
997
997
997
997
989
989
989
989
989
989
922
922
922
922
922
913
913
913
913
913
907
907
907
907
907
907
890
890
890
890
890
918
918
918
918
918
926
926
926
926
926
926
956
956
956
956
956
1006
1006
1006
1006
1006
1043
1043
1043
1043
1043
1043
1097
1097
1097
1097
1097
1066
1066
1066
1066
1066
1061
1061
1061
1061
1061
1061
1025
1025
1025
1025
1025
1026
1026
1026
1026
1026
981
981
981
981
981
981
967
967
967
967
967
973
973
973
973
973
986
986
986
986
986
986
995
995
995
995
995
990
990
990
990
990
973
973
973
973
973
973
1004
1004
1004
1004
1004
946
946
946
946
946
954
954
954
954
954
954
967
967
967
967
967
950
950
950
950
950
953
953
953
953
953
953
988
988
988
988
988
1007
1007
1007
1007
1007
1001
1001
1001
1001
1001
1001
1019
1019
1019
1019
1019
1028
1028
1028
1028
1028
1019
1019
1019
1019
1019
1019
994
994
994
994
994
1008
1008
1008
1008
1008
993
993
993
993
993
993
1020
1020
1020
1020
1020
1021
1021
1021
1021
1021
1023
1023
1023
1023
1023
1023
1025
1025
1025
1025
1025
993
993
993
993
993
977
977
977
977
977
977
953
953
953
953
953
919
919
919
919
919
916
916
916
916
916
916
904
904
904
904
904
911
911
911
911
911
895
895
895
895
895
895
926
926
926
926
926
943
943
943
943
943
978
978
978
978
978
978
972
972
972
972
972
994
994
994
994
994
1000
1000
1000
1000
1000
1000
1016
1016
1016
1016
1016
1014
1014
1014
1014
1014
1040
1040
1040
1040
1040
1040
1041
1041
1041
1041
1041
1047
1047
1047
1047
1047
1030
1030
1030
1030
1030
1030
1030
1030
1030
1030
1030
1028
1028
1028
1028
1028
1021
1021
1021
1021
1021
1021
1013
1013
1013
1013
1013
984
984
984
984
984
971
971
971
971
971
971
950
950
950
950
950
943
943
943
943
943
935
935
935
935
935
935
925
925
925
925
925
935
935
935
935
935
950
950
950
950
950
950
947
947
947
947
947
945
945
945
945
945
958
958
958
958
958
958
981
981
981
981
981
987
987
987
987
987
996
996
996
996
996
996
1017
1017
1017
1017
1017
1025
1025
1025
1025
1025
1040
1040
1040
1040
1040
1040
1033
1033
1033
1033
1033
1045
1045
1045
1045
1045
1011
1011
1011
1011
1011
1011
1020
1020
1020
1020
1020
992
992
992
992
992
986
986
986
986
986
986
967
967
967
967
967
965
965
965
965
965
936
936
936
936
936
936
936
936
936
936
936
944
944
944
944
944
949
949
949
949
949
949
952
952
952
952
952
945
945
945
945
945
922
922
922
922
922
922
928
928
928
928
928
917
917
917
917
917
906
906
906
906
906
906
896
896
896
896
896
901
901
901
901
901
942
942
942
942
942
942
949
949
949
949
949
964
964
964
964
964
982
982
982
982
982
982
1014
1014
1014
1014
1014
1050
1050
1050
1050
1050
1045
1045
1045
1045
1045
1045
1056
1056
1056
1056
1056
1103
1103
1103
1103
1103
1105
1105
1105
1105
1105
1105
1151
1151
1151
1151
1151
1153
1153
1153
1153
1153
1149
1149
1149
1149
1149
1149
1123
1123
1123
1123
1123
1114
1114
1114
1114
1114
1083
1083
1083
1083
1083
1083
1065
1065
1065
1065
1065
1040
1040
1040
1040
1040
1012
1012
1012
1012
1012
1012
987
987
987
987
987
944
944
944
944
944
914
914
914
914
914
914
871
871
871
871
871
854
854
854
854
854
835
835
835
835
835
835
824
824
824
824
824
809
809
809
809
809
826
826
826
826
826
826
869
869
869
869
869
890
890
890
890
890
937
937
937
937
937
937
974
974
974
974
974
1016
1016
1016
1016
1016
1018
1018
1018
1018
1018
1018
1019
1019
1019
1019
1019
1048
1048
1048
1048
1048
1043
1043
1043
1043
1043
1043
1050
1050
1050
1050
1050
1057
1057
1057
1057
1057
1066
1066
1066
1066
1066
1066
1045
1045
1045
1045
1045
1049
1049
1049
1049
1049
1055
1055
1055
1055
1055
1055
1039
1039
1039
1039
1039
1049
1049
1049
1049
1049
1023
1023
1023
1023
1023
1023
1046
1046
1046
1046
1046
1058
1058
1058
1058
1058
1058
1058
1058
1058
1058
1058
1068
1068
1068
1068
1068
1050
1050
1050
1050
1050
1023
1023
1023
1023
1023
1023
989
989
989
989
989
949
949
949
949
949
946
946
946
946
946
946
938
938
938
938
938
916
916
916
916
916
935
935
935
935
935
935
933
933
933
933
933
924
924
924
924
924
925
925
925
925
925
925
909
909
909
909
909
882
882
882
882
882
867
867
867
867
867
867
869
869
869
869
869
875
875
875
875
875
910
910
910
910
910
910
946
946
946
946
946
1035
1035
1035
1035
1035
1047
1047
1047
1047
1047
1047
1108
1108
1108
1108
1108
1116
1116
1116
1116
1116
1152
1152
1152
1152
1152
1152
1127
1127
1127
1127
1127
1108
1108
1108
1108
1108
1088
1088
1088
1088
1088
1088
1048
1048
1048
1048
1048
991
991
991
991
991
977
977
977
977
977
977
941
941
941
941
941
923
923
923
923
923
931
931
931
931
931
931
885
885
885
885
885
883
883
883
883
883
893
893
893
893
893
893
901
901
901
901
901
910
910
910
910
910
932
932
932
932
932
932
959
959
959
959
959
967
967
967
967
967
994
994
994
994
994
994
1009
1009
1009
1009
1009
1020
1020
1020
1020
1020
1016
1016
1016
1016
1016
1016
1074
1074
1074
1074
1074
1083
1083
1083
1083
1083
1081
1081
1081
1081
1081
1081
1111
1111
1111
1111
1111
1078
1078
1078
1078
1078
1072
1072
1072
1072
1072
1072
1033
1033
1033
1033
1033
1029
1029
1029
1029
1029
976
976
976
976
976
976
971
971
971
971
971
960
960
960
960
960
926
926
926
926
926
945
945
945
945
945
933
933
933
933
933
956
956
956
956
956
956
965
965
965
965
965
987
987
987
987
987
1000
1000
1000
1000
1000
1000
1004
1004
1004
1004
1004
1010
1010
1010
1010
1010
998
998
998
998
998
998
982
982
982
982
982
935
935
935
935
935
929
929
929
929
929
929
913
913
913
913
913
896
896
896
896
896
882
882
882
882
882
882
900
900
900
900
900
906
906
906
906
906
954
954
954
954
954
954
963
963
963
963
963
1000
1000
1000
1000
1000
1028
1028
1028
1028
1028
1028
1031
1031
1031
1031
1031
1059
1059
1059
1059
1059
1071
1071
1071
1071
1071
1071
1065
1065
1065
1065
1065
1049
1049
1049
1049
1049
1048
1048
1048
1048
1048
1048
1013
1013
1013
1013
1013
1020
1020
1020
1020
1020
976
976
976
976
976
976
933
933
933
933
933
918
918
918
918
918
899
899
899
899
899
899
912
912
912
912
912
910
910
910
910
910
925
925
925
925
925
925
940
940
940
940
940
952
952
952
952
952
994
994
994
994
994
994
1015
1015
1015
1015
1015
1021
1021
1021
1021
1021
1040
1040
1040
1040
1040
1040
1002
1002
1002
1002
1002
1021
1021
1021
1021
1021
1005
1005
1005
1005
1005
1005
1011
1011
1011
1011
1011
1027
1027
1027
1027
1027
1005
1005
1005
1005
1005
1005
1025
1025
1025
1025
1025
1006
1006
1006
1006
1006
1008
1008
1008
1008
1008
1008
1003
1003
1003
1003
1003
992
992
992
992
992
988
988
988
988
988
988
965
965
965
965
965
959
959
959
959
959
947
947
947
947
947
947
953
953
953
953
953
927
927
927
927
927
970
970
970
970
970
970
968
968
968
968
968
1004
1004
1004
1004
1004
1023
1023
1023
1023
1023
1023
1022
1022
1022
1022
1022
1028
1028
1028
1028
1028
1028
1028
1028
1028
1028
1028
1014
1014
1014
1014
1014
1007
1007
1007
1007
1007
977
977
977
977
977
977
986
986
986
986
986
962
962
962
962
962
932
932
932
932
932
932
953
953
953
953
953
943
943
943
943
943
962
962
962
962
962
962
984
984
984
984
984
966
966
966
966
966
1012
1012
1012
1012
1012
1012
989
989
989
989
989
1001
1001
1001
1001
1001
965
965
965
965
965
965
935
935
935
935
935
930
930
930
930
930
941
941
941
941
941
941
939
939
939
939
939
950
950
950
950
950
955
955
955
955
955
955
954
954
954
954
954
984
984
984
984
984
975
975
975
975
975
975
1007
1007
1007
1007
1007
995
995
995
995
995
982
982
982
982
982
982
997
997
997
997
997
977
977
977
977
977
990
990
990
990
990
990
974
974
974
974
974
1033
1033
1033
1033
1033
1033
1033
1033
1033
1033
1033
1030
1030
1030
1030
1030
995
995
995
995
995
960
960
960
960
960
960
975
975
975
975
975
937
937
937
937
937
918
918
918
918
918
918
931
931
931
931
931
937
937
937
937
937
966
966
966
966
966
966
992
992
992
992
992
985
985
985
985
985
1039
1039
1039
1039
1039
1039
1053
1053
1053
1053
1053
993
993
993
993
993
1028
1028
1028
1028
1028
1028
986
986
986
986
986
983
983
983
983
983
953
953
953
953
953
953
945
945
945
945
945
975
975
975
975
975
969
969
969
969
969
969
967
967
967
967
967
995
995
995
995
995
1001
1001
1001
1001
1001
1001
999
999
999
999
999
1000
1000
1000
1000
1000
995
995
995
995
995
995
1004
1004
1004
1004
1004
1004
1004
1004
1004
1004
1008
1008
1008
1008
1008
1008
986
986
986
986
986
1000
1000
1000
1000
1000
1003
1003
1003
1003
1003
1003
985
985
985
985
985
976
976
976
976
976
977
977
977
977
977
977
968
968
968
968
968
959
959
959
959
959
995
995
995
995
995
995
960
960
960
960
960
962
962
962
962
962
954
954
954
954
954
954
952
952
952
952
952
947
947
947
947
947
945
945
945
945
945
945
953
953
953
953
953
935
935
935
935
935
965
965
965
965
965
965
1006
1006
1006
1006
1006
969
969
969
969
969
1014
1014
1014
1014
1014
1014
1015
1015
1015
1015
1015
1036
1036
1036
1036
1036
1014
1014
1014
1014
1014
1014
1026
1026
1026
1026
1026
1015
1015
1015
1015
1015
1024
1024
1024
1024
1024
1024
955
955
955
955
955
957
957
957
957
957
962
962
962
962
962
962
945
945
945
945
945
953
953
953
953
953
944
944
944
944
944
944
957
957
957
957
957
975
975
975
975
975
941
941
941
941
941
941
993
993
993
993
993
986
986
986
986
986
985
985
985
985
985
985
1008
1008
1008
1008
1008
1019
1019
1019
1019
1019
1019
1019
1019
1019
1019
1019
1015
1015
1015
1015
1015
1037
1037
1037
1037
1037
1013
1013
1013
1013
1013
1013
1010
1010
1010
1010
1010
1004
1004
1004
1004
1004
1000
1000
1000
1000
1000
1000
985
985
985
985
985
972
972
972
972
972
951
951
951
951
951
951
975
975
975
975
975
936
936
936
936
936
943
943
943
943
943
943
947
947
947
947
947
935
935
935
935
935
941
941
941
941
941
941
931
931
931
931
931
944
944
944
944
944
967
967
967
967
967
967
965
965
965
965
965
997
997
997
997
997
982
982
982
982
982
982
955
955
955
955
955
965
965
965
965
965
938
938
938
938
938
938
956
956
956
956
956
956
956
956
956
956
952
952
952
952
952
952
1002
1002
1002
1002
1002
994
994
994
994
994
1011
1011
1011
1011
1011
1011
1013
1013
1013
1013
1013
1005
1005
1005
1005
1005
1015
1015
1015
1015
1015
1015
979
979
979
979
979
994
994
994
994
994
984
984
984
984
984
984
983
983
983
983
983
995
995
995
995
995
994
994
994
994
994
994
1016
1016
1016
1016
1016
1003
1003
1003
1003
1003
1000
1000
1000
1000
1000
1000
987
987
987
987
987
979
979
979
979
979
992
992
992
992
992
992
968
968
968
968
968
989
989
989
989
989
992
992
992
992
992
992
974
974
974
974
974
975
975
975
975
975
967
967
967
967
967
967
956
956
956
956
956
979
979
979
979
979
947
947
947
947
947
947
979
979
979
979
979
1013
1013
1013
1013
1013
1000
1000
1000
1000
1000
1000
996
996
996
996
996
984
984
984
984
984
962
962
962
962
962
962
987
987
987
987
987
949
949
949
949
949
943
943
943
943
943
943
976
976
976
976
976
961
961
961
961
961
963
963
963
963
963
963
954
954
954
954
954
961
961
961
961
961
959
959
959
959
959
959
949
949
949
949
949
954
954
954
954
954
976
976
976
976
976
976
986
986
986
986
986
990
990
990
990
990
1008
1008
1008
1008
1008
1008
1033
1033
1033
1033
1033
1048
1048
1048
1048
1048
1036
1036
1036
1036
1036
1036
1021
1021
1021
1021
1021
1005
1005
1005
1005
1005
987
987
987
987
987
987
984
984
984
984
984
976
976
976
976
976
987
987
987
987
987
987
989
989
989
989
989
987
987
987
987
987
992
992
992
992
992
992
970
970
970
970
970
977