938
938
938
934
934
934
934
934
934
933
933
933
933
933
947
947
947
947
947
934
934
934
934
934
934
927
927
927
927
927
949
949
949
949
949
940
940
940
940
940
940
944
944
944
944
944
951
951
951
951
951
927
927
927
927
927
927
941
941
941
941
941
934
934
934
934
934
938
938
938
938
938
938
941
941
941
941
941
937
937
937
937
937
945
945
945
945
945
945
935
935
935
935
935
926
926
926
926
926
943
943
943
943
943
943
943
943
943
943
943
937
937
937
937
937
945
945
945
945
945
945
941
941
941
941
941
938
938
938
938
938
939
939
939
939
939
939
930
930
930
930
930
958
958
958
958
958
935
935
935
935
935
935
945
945
945
945
945
931
931
931
931
931
930
930
930
930
930
930
949
949
949
949
949
945
945
945
945
945
942
942
942
942
942
942
944
944
944
944
944
933
933
933
933
933
954
954
954
954
954
954
940
940
940
940
940
931
931
931
931
931
946
946
946
946
946
946
946
946
946
946
946
941
941
941
941
941
937
937
937
937
937
937
940
940
940
940
940
930
930
930
930
930
939
939
939
939
939
939
925
925
925
925
925
942
942
942
942
942
940
940
940
940
940
940
946
946
946
946
946
943
943
943
943
943
943
943
943
943
943
943
947
947
947
947
947
933
933
933
933
933
955
955
955
955
955
955
938
938
938
938
938
937
937
937
937
937
934
934
934
934
934
934
945
945
945
945
945
939
939
939
939
939
943
943
943
943
943
943
940
940
940
940
940
924
924
924
924
924
931
931
931
931
931
931
937
937
937
937
937
946
946
946
946
946
935
935
935
935
935
935
943
943
943
943
943
939
939
939
939
939
941
941
941
941
941
941
944
944
944
944
944
930
930
930
930
930
944
944
944
944
944
944
945
945
945
945
945
935
935
935
935
935
944
944
944
944
944
944
937
937
937
937
937
949
949
949
949
949
929
929
929
929
929
929
945
945
945
945
945
942
942
942
942
942
943
943
943
943
943
943
943
943
943
943
943
936
936
936
936
936
943
943
943
943
943
943
952
952
952
952
952
947
947
947
947
947
952
952
952
952
952
952
947
947
947
947
947
953
953
953
953
953
944
944
944
944
944
944
940
940
940
940
940
930
930
930
930
930
943
943
943
943
943
943
937
937
937
937
937
949
949
949
949
949
939
939
939
939
939
939
947
947
947
947
947
946
946
946
946
946
944
944
944
944
944
944
938
938
938
938
938
948
948
948
948
948
941
941
941
941
941
941
949
949
949
949
949
934
934
934
934
934
942
942
942
942
942
942
936
936
936
936
936
946
946
946
946
946
930
930
930
930
930
930
944
944
944
944
944
934
934
934
934
934
945
945
945
945
945
945
940
940
940
940
940
945
945
945
945
945
936
936
936
936
936
936
945
945
945
945
945
944
944
944
944
944
948
948
948
948
948
948
942
942
942
942
942
936
936
936
936
936
938
938
938
938
938
938
942
942
942
942
942
952
952
952
952
952
936
936
936
936
936
936
935
935
935
935
935
941
941
941
941
941
941
941
941
941
941
941
944
944
944
944
944
938
938
938
938
938
939
939
939
939
939
939
943
943
943
943
943
933
933
933
933
933
937
937
937
937
937
937
936
936
936
936
936
942
942
942
942
942
942
942
942
942
942
942
936
936
936
936
936
927
927
927
927
927
945
945
945
945
945
945
934
934
934
934
934
948
948
948
948
948
945
945
945
945
945
945
939
939
939
939
939
947
947
947
947
947
937
937
937
937
937
937
947
947
947
947
947
943
943
943
943
943
943
943
943
943
943
943
953
953
953
953
953
947
947
947
947
947
938
938
938
938
938
938
936
936
936
936
936
947
947
947
947
947
941
941
941
941
941
941
947
947
947
947
947
948
948
948
948
948
943
943
943
943
943
943
939
939
939
939
939
945
945
945
945
945
946
946
946
946
946
946
939
939
939
939
939
935
935
935
935
935
941
941
941
941
941
941
944
944
944
944
944
937
937
937
937
937
946
946
946
946
946
946
938
938
938
938
938
933
933
933
933
933
956
956
956
956
956
956
933
933
933
933
933
944
944
944
944
944
944
944
944
944
944
944
938
938
938
938
938
950
950
950
950
950
940
940
940
940
940
940
935
935
935
935
935
943
943
943
943
943
944
944
944
944
944
944
941
941
941
941
941
943
943
943
943
943
939
939
939
939
939
939
941
941
941
941
941
940
940
940
940
940
946
946
946
946
946
946
933
933
933
933
933
943
943
943
943
943
945
945
945
945
945
945
936
936
936
936
936
938
938
938
938
938
938
938
938
938
938
938
937
937
937
937
937
942
942
942
942
942
938
938
938
938
938
938
924
924
924
924
924
939
939
939
939
939
945
945
945
945
945
945
942
942
942
942
942
938
938
938
938
938
939
939
939
939
939
939
932
932
932
932
932
940
940
940
940
940
941
941
941
941
941
941
943
943
943
943
943
939
939
939
939
939
941
941
941
941
941
941
945
945
945
945
945
937
937
937
937
937
939
939
939
939
939
939
943
943
943
943
943
940
940
940
940
940
941
941
941
941
941
941
940
940
940
940
940
938
938
938
938
938
945
945
945
945
945
945
940
940
940
940
940
933
933
933
933
933
942
942
942
942
942
942
932
932
932
932
932
942
942
942
942
942
943
943
943
943
943
943
943
943
943
943
943
946
946
946
946
946
937
937
937
937
937
937
942
942
942
942
942
940
940
940
940
940
934
934
934
934
934
934
932
932
932
932
932
937
937
937
937
937
937
937
937
937
937
937
949
949
949
949
949
945
945
945
945
945
941
941
941
941
941
941
943
943
943
943
943
940
940
940
940
940
941
941
941
941
941
941
933
933
933
933
933
941
941
941
941
941
944
944
944
944
944
944
941
941
941
941
941
938
938
938
938
938
945
945
945
945
945
945
940
940
940
940
940
941
941
941
941
941
942
942
942
942
942
942
949
949
949
949
949
946
946
946
946
946
939
939
939
939
939
939
935
935
935
935
935
937
937
937
937
937
938
938
938
938
938
938
944
944
944
944
944
944
944
944
944
944
941
941
941
941
941
941
945
945
945
945
945
941
941
941
941
941
937
937
937
937
937
937
935
935
935
935
935
942
942
942
942
942
945
945
945
945
945
945
950
950
950
950
950
942
942
942
942
942
939
939
939
939
939
939
936
936
936
936
936
936
936
936
936
936
939
939
939
939
939
939
938
938
938
938
938
941
941
941
941
941
946
946
946
946
946
946
943
943
943
943
943
943
943
943
943
943
947
947
947
947
947
947
941
941
941
941
941
945
945
945
945
945
938
938
938
938
938
938
937
937
937
937
937
951
951
951
951
951
940
940
940
940
940
940
954
954
954
954
954
945
945
945
945
945
949
949
949
949
949
949
935
935
935
935
935
948
948
948
948
948
939
939
939
939
939
939
941
941
941
941
941
935
935
935
935
935
935
935
935
935
935
935
937
937
937
937
937
938
938
938
938
938
940
940
940
940
940
940
939
939
939
939
939
953
953
953
953
953
943
943
943
943
943
943
945
945
945
945
945
944
944
944
944
944
947
947
947
947
947
947
936
936
936
936
936
942
942
942
942
942
942
942
942
942
942
942
944
944
944
944
944
940
940
940
940
940
937
937
937
937
937
937
935
935
935
935
935
928
928
928
928
928
952
952
952
952
952
952
941
941
941
941
941
930
930
930
930
930
943
943
943
943
943
943
942
942
942
942
942
946
946
946
946
946
937
937
937
937
937
937
944
944
944
944
944
937
937
937
937
937
938
938
938
938
938
938
943
943
943
943
943
944
944
944
944
944
941
941
941
941
941
941
946
946
946
946
946
942
942
942
942
942
940
940
940
940
940
940
945
945
945
945
945
944
944
944
944
944
929
929
929
929
929
929
945
945
945
945
945
936
936
936
936
936
940
940
940
940
940
940
949
949
949
949
949
941
941
941
941
941
941
941
941
941
941
941
932
932
932
932
932
950
950
950
950
950
941
941
941
941
941
941
935
935
935
935
935
937
937
937
937
937
934
934
934
934
934
934
944
944
944
944
944
943
943
943
943
943
929
929
929
929
929
929
934
934
934
934
934
947
947
947
947
947
932
932
932
932
932
932
953
953
953
953
953
944
944
944
944
944
933
933
933
933
933
933
945
945
945
945
945
933
933
933
933
933
939
939
939
939
939
939
942
942
942
942
942
941
941
941
941
941
940
940
940
940
940
940
939
939
939
939
939
944
944
944
944
944
941
941
941
941
941
941
940
940
940
940
940
939
939
939
939
939
942
942
942
942
942
942
931
931
931
931
931
954
954
954
954
954
929
929
929
929
929
929
946
946
946
946
946
934
934
934
934
934
938
938
938
938
938
938
928
928
928
928
928
934
934
934
934
934
940
940
940
940
940
940
928
928
928
928
928
936
936
936
936
936
935
935
935
935
935
935
928
928
928
928
928
937
937
937
937
937
950
950
950
950
950
950
949
949
949
949
949
944
944
944
944
944
954
954
954
954
954
954
935
935
935
935
935
951
951
951
951
951
932
932
932
932
932
932
951
951
951
951
951
940
940
940
940
940
938
938
938
938
938
938
942
942
942
942
942
950
950
950
950
950
942
942
942
942
942
942
942
942
942
942
942
947
947
947
947
947
949
949
949
949
949
949
952
952
952
952
952
941
941
941
941
941
942
942
942
942
942
942
947
947
947
947
947
942
942
942
942
942
940
940
940
940
940
940
940
940
940
940
940
955
955
955
955
955
940
940
940
940
940
940
947
947
947
947
947
947
947
947
947
947
944
944
944
944
944
944
950
950
950
950
950
946
946
946
946
946
948
948
948
948
948
948
950
950
950
950
950
949
949
949
949
949
928
928
928
928
928
928
881
881
881
881
881
794
794
794
794
794
714
714
714
714
714
714
644
644
644
644
644
627
627
627
627
627
646
646
646
646
646
646
726
726
726
726
726
826
826
826
826
826
960
960
960
960
960
960
1086
1086
1086
1086
1086
1171
1171
1171
1171
1171
1218
1218
1218
1218
1218
1218
1213
1213
1213
1213
1213
1171
1171
1171
1171
1171
1092
1092
1092
1092
1092
1092
980
980
980
980
980
867
867
867
867
867
790
790
790
790
790
790
712
712
712
712
712
656
656
656
656
656
664
664
664
664
664
664
711
711
711
711
711
802
802
802
802
802
921
921
921
921
921
921
1051
1051
1051
1051
1051
1139
1139
1139
1139
1139
1211
1211
1211
1211
1211
1211
1244
1244
1244
1244
1244
1254
1254
1254
1254
1254
1246
1246
1246
1246
1246
1246
1207
1207
1207
1207
1207
1178
1178
1178
1178
1178
1125
1125
1125
1125
1125
1125
1102
1102
1102
1102
1102
1070
1070
1070
1070
1070
1062
1062
1062
1062
1062
1062
1076
1076
1076
1076
1076
1066
1066
1066
1066
1066
1078
1078
1078
1078
1078
1078
1051
1051
1051
1051
1051
1045
1045
1045
1045
1045
1024
1024
1024
1024
1024
1024
1001
1001
1001
1001
1001
973
973
973
973
973
932
932
932
932
932
932
901
901
901
901
901
858
858
858
858
858
840
840
840
840
840
840
793
793
793
793
793
765
765
765
765
765
733
733
733
733
733
733
715
715
715
715
715
707
707
707
707
707
667
667
667
667
667
667
649
649
649
649
649
640
640
640
640
640
658
658
658
658
658
658
666
666
666
666
666
684
684
684
684
684
737
737
737
737
737
737
799
799
799
799
799
903
903
903
903
903
991
991
991
991
991
991
1080
1080
1080
1080
1080
1177
1177
1177
1177
1177
1227
1227
1227
1227
1227
1227
1281
1281
1281
1281
1281
1286
1286
1286
1286
1286
1267
1267
1267
1267
1267
1267
1220
1220
1220
1220
1220
1160
1160
1160
1160
1160
1087
1087
1087
1087
1087
1087
1019
1019
1019
1019
1019
943
943
943
943
943
896
896
896
896
896
896
872
872
872
872
872
878
878
878
878
878
907
907
907
907
907
907
952
952
952
952
952
1004
1004
1004
1004
1004
1061
1061
1061
1061
1061
1061
1108
1108
1108
1108
1108
1155
1155
1155
1155
1155
1165
1165
1165
1165
1165
1165
1128
1128
1128
1128
1128
1058
1058
1058
1058
1058
951
951
951
951
951
951
840
840
840
840
840
721
721
721
721
721
618
618
618
618
618
618
568
568
568
568
568
525
525
525
525
525
515
515
515
515
515
515
531
531
531
531
531
587
587
587
587
587
639
639
639
639
639
639
720
720
720
720
720
798
798
798
798
798
891
891
891
891
891
891
971
971
971
971
971
1061
1061
1061
1061
1061
1130
1130
1130
1130
1130
1130
1200
1200
1200
1200
1200
1252
1252
1252
1252
1252
1314
1314
1314
1314
1314
1314
1347
1347
1347
1347
1347
1354
1354
1354
1354
1354
1347
1347
1347
1347
1347
1347
1308
1308
1308
1308
1308
1238
1238
1238
1238
1238
1140
1140
1140
1140
1140
1140
1039
1039
1039
1039
1039
923
923
923
923
923
837
837
837
837
837
837
753
753
753
753
753
688
688
688
688
688
665
665
665
665
665
665
654
654
654
654
654
682
682
682
682
682
742
742
742
742
742
742
816
816
816
816
816
898
898
898
898
898
958
958
958
958
958
958
1026
1026
1026
1026
1026
1065
1065
1065
1065
1065
1073
1073
1073
1073
1073
1073
1066
1066
1066
1066
1066
1019
1019
1019
1019
1019
926
926
926
926
926
926
823
823
823
823
823
773
773
773
773
773
788
788
788
788
788
788
900
900
900
900
900
1041
1041
1041
1041
1041
1167
1167
1167
1167
1167
1167
1255
1255
1255
1255
1255
1288
1288
1288
1288
1288
1263
1263
1263
1263
1263
1263
1177
1177
1177
1177
1177
1053
1053
1053
1053
1053
929
929
929
929
929
929
836
836
836
836
836
808
808
808
808
808
817
817
817
817
817
817
861
861
861
861
861
888
888
888
888
888
897
897
897
897
897
897
901
901
901
901
901
868
868
868
868
868
821
821
821
821
821
821
758
758
758
758
758
699
699
699
699
699
654
654
654
654
654
654
601
601
601
601
601
554
554
554
554
554
538
538
538
538
538
538
533
533
533
533
533
564
564
564
564
564
620
620
620
620
620
620
710
710
710
710
710
867
867
867
867
867
1069
1069
1069
1069
1069
1069
1274
1274
1274
1274
1274
1446
1446
1446
1446
1446
1562
1562
1562
1562
1562
1562
1624
1624
1624
1624
1624
1591
1591
1591
1591
1591
1490
1490
1490
1490
1490
1490
1299
1299
1299
1299
1299
1102
1102
1102
1102
1102
901
901
901
901
901
901
754
754
754
754
754
652
652
652
652
652
600
600
600
600
600
600
600
600
600
600
600
628
628
628
628
628
721
721
721
721
721
721
839
839
839
839
839
957
957
957
957
957
1048
1048
1048
1048
1048
1048
1124
1124
1124
1124
1124
1144
1144
1144
1144
1144
1158
1158
1158
1158
1158
1158
1156
1156
1156
1156
1156
1165
1165
1165
1165
1165
1191
1191
1191
1191
1191
1191
1183
1183
1183
1183
1183
1150
1150
1150
1150
1150
1103
1103
1103
1103
1103
1103
1041
1041
1041
1041
1041
973
973
973
973
973
905
905
905
905
905
905
856
856
856
856
856
826
826
826
826
826
801
801
801
801
801
801
794
794
794
794
794
769
769
769
769
769
736
736
736
736
736
736
713
713
713
713
713
679
679
679
679
679
652
652
652
652
652
652
650
650
650
650
650
685
685
685
685
685
752
752
752
752
752
752
857
857
857
857
857
1010
1010
1010
1010
1010
1165
1165
1165
1165
1165
1165
1289
1289
1289
1289
1289
1349
1349
1349
1349
1349
1340
1340
1340
1340
1340
1340
1255
1255
1255
1255
1255
1120
1120
1120
1120
1120
962
962
962
962
962
962
830
830
830
830
830
703
703
703
703
703
666
666
666
666
666
666
667
667
667
667
667
738
738
738
738
738
832
832
832
832
832
832
941
941
941
941
941
1036
1036
1036
1036
1036
1122
1122
1122
1122
1122
1122
1161
1161
1161
1161
1161
1178
1178
1178
1178
1178
1172
1172
1172
1172
1172
1172
1135
1135
1135
1135
1135
1087
1087
1087
1087
1087
1025
1025
1025
1025
1025
1025
978
978
978
978
978
919
919
919
919
919
885
885
885
885
885
885
866
866
866
866
866
884
884
884
884
884
912
912
912
912
912
912
955
955
955
955
955
999
999
999
999
999
1022
1022
1022
1022
1022
1022
1023
1023
1023
1023
1023
1001
1001
1001
1001
1001
957
957
957
957
957
957
884
884
884
884
884
813
813
813
813
813
757
757
757
757
757
757
729
729
729
729
729
718
718
718
718
718
747
747
747
747
747
747
808
808
808
808
808
880
880
880
880
880
950
950
950
950
950
950
1008
1008
1008
1008
1008
1041
1041
1041
1041
1041
1041
1041
1041
1041
1041
1041
1016
1016
1016
1016
1016
975
975
975
975
975
919
919
919
919
919
919
872
872
872
872
872
860
860
860
860
860
870
870
870
870
870
870
886
886
886
886
886
914
914
914
914
914
945
945
945
945
945
945
971
971
971
971
971
1004
1004
1004
1004
1004
1030
1030
1030
1030
1030
1030
1044
1044
1044
1044
1044
1025
1025
1025
1025
1025
1001
1001
1001
1001
1001
1001
972
972
972
972
972
928
928
928
928
928
892
892
892
892
892
892
845
845
845
845
845
814
814
814
814
814
798
798
798
798
798
798
822
822
822
822
822
858
858
858
858
858
913
913
913
913
913
913
988
988
988
988
988
1032
1032
1032
1032
1032
1102
1102
1102
1102
1102
1102
1116
1116
1116
1116
1116
1112
1112
1112
1112
1112
1088
1088
1088
1088
1088
1088
1052
1052
1052
1052
1052
1024
1024
1024
1024
1024
993
993
993
993
993
993
972
972
972
972
972
953
953
953
953
953
964
964
964
964
964
964
978
978
978
978
978
994
994
994
994
994
999
999
999
999
999
999
1007
1007
1007
1007
1007
1006
1006
1006
1006
1006
995
995
995
995
995
995
962
962
962
962
962
932
932
932
932
932
866
866
866
866
866
866
809
809
809
809
809
749
749
749
749
749
736
736
736
736
736
736
727
727
727
727
727
746
746
746
746
746
782
782
782
782
782
782
856
856
856
856
856
930
930
930
930
930
992
992
992
992
992
992
1034
1034
1034
1034
1034
1055
1055
1055
1055
1055
1075
1075
1075
1075
1075
1075
1083
1083
1083
1083
1083
1078
1078
1078
1078
1078
1053
1053
1053
1053
1053
1053
1055
1055
1055
1055
1055
1036
1036
1036
1036
1036
1009
1009
1009
1009
1009
1009
967
967
967
967
967
924
924
924
924
924
870
870
870
870
870
870
855
855
855
855
855
836
836
836
836
836
794
794
794
794
794
794
780
780
780
780
780
772
772
772
772
772
778
778
778
778
778
778
745
745
745
745
745
738
738
738
738
738
722
722
722
722
722
722
737
737
737
737
737
766
766
766
766
766
805
805
805
805
805
805
864
864
864
864
864
920
920
920
920
920
992
992
992
992
992
992
1051
1051
1051
1051
1051
1098
1098
1098
1098
1098
1118
1118
1118
1118
1118
1118
1142
1142
1142
1142
1142
1144
1144
1144
1144
1144
1138
1138
1138
1138
1138
1138
1138
1138
1138
1138
1138
1126
1126
1126
1126
1126
1136
1136
1136
1136
1136
1136
1114
1114
1114
1114
1114
1125
1125
1125
1125
1125
1104
1104
1104
1104
1104
1104
1092
1092
1092
1092
1092
1058
1058
1058
1058
1058
1030
1030
1030
1030
1030
1030
975
975
975
975
975
953
953
953
953
953
877
877
877
877
877
877
809
809
809
809
809
764
764
764
764
764
727
727
727
727
727
727
710
710
710
710
710
690
690
690
690
690
731
731
731
731
731
731
776
776
776
776
776
849
849
849
849
849
922
922
922
922
922
922
990
990
990
990
990
1061
1061
1061
1061
1061
1095
1095
1095
1095
1095
1095
1107
1107
1107
1107
1107
1094
1094
1094
1094
1094
1062
1062
1062
1062
1062
1062
1010
1010
1010
1010
1010
950
950
950
950
950
914
914
914
914
914
914
867
867
867
867
867
845
845
845
845
845
817
817
817
817
817
817
819
819
819
819
819
826
826
826
826
826
842
842
842
842
842
842
846
846
846
846
846
862
862
862
862
862
874
874
874
874
874
874
876
876
876
876
876
884
884
884
884
884
893
893
893
893
893
893
911
911
911
911
911
924
924
924
924
924
960
960
960
960
960
960
995
995
995
995
995
1035
1035
1035
1035
1035
1071
1071
1071
1071
1071
1071
1093
1093
1093
1093
1093
1096
1096
1096
1096
1096
1087
1087
1087
1087
1087
1087
1062
1062
1062
1062
1062
1034
1034
1034
1034
1034
994
994
994
994
994
994
950
950
950
950
950
913
913
913
913
913
875
875
875
875
875
875
867
867
867
867
867
844
844
844
844
844
838
838
838
838
838
838
846
846
846
846
846
880
880
880
880
880
922
922
922
922
922
922
990
990
990
990
990
1039
1039
1039
1039
1039
1058
1058
1058
1058
1058
1058
1066
1066
1066
1066
1066
1063
1063
1063
1063
1063
1038
1038
1038
1038
1038
1038
995
995
995
995
995
963
963
963
963
963
934
934
934
934
934
934
908
908
908
908
908
900
900
900
900
900
894
894
894
894
894
894
892
892
892
892
892
880
880
880
880
880
864
864
864
864
864
864
860
860
860
860
860
842
842
842
842
842
849
849
849
849
849
849
850
850
850
850
850
861
861
861
861
861
864
864
864
864
864
864
886
886
886
886
886
902
902
902
902
902
919
919
919
919
919
919
913
913
913
913
913
934
934
934
934
934
939
939
939
939
939
939
963
963
963
963
963
975
975
975
975
975
994
994
994
994
994
994
1002
1002
1002
1002
1002
1004
1004
1004
1004
1004
987
987
987
987
987
987
974
974
974
974
974
945
945
945
945
945
923
923
923
923
923
923
909
909
909
909
909
897
897
897
897
897
913
913
913
913
913
913
934
934
934
934
934
969
969
969
969
969
1018
1018
1018
1018
1018
1018
1031
1031
1031
1031
1031
1044
1044
1044
1044
1044
1055
1055
1055
1055
1055
1055
1028
1028
1028
1028
1028
1016
1016
1016
1016
1016
998
998
998
998
998
998
966
966
966
966
966
940
940
940
940
940
922
922
922
922
922
922
907
907
907
907
907
897
897
897
897
897
909
909
909
909
909
909
898
898
898
898
898
893
893
893
893
893
894
894
894
894
894
894
905
905
905
905
905
933
933
933
933
933
947
947
947
947
947
947
955
955
955
955
955
951
951
951
951
951
955
955
955
955
955
955
938
938
938
938
938
932
932
932
932
932
908
908
908
908
908
908
904
904
904
904
904
884
884
884
884
884
903
903
903
903
903
903
901
901
901
901
901
918
918
918
918
918
931
931
931
931
931
931
940
940
940
940
940
954
954
954
954
954
952
952
952
952
952
952
949
949
949
949
949
931
931
931
931
931
900
900
900
900
900
900
906
906
906
906
906
890
890
890
890
890
905
905
905
905
905
905
917
917
917
917
917
931
931
931
931
931
937
937
937
937
937
937
962
962
962
962
962
965
965
965
965
965
969
969
969
969
969
969
979
979
979
979
979
967
967
967
967
967
958
958
958
958
958
958
947
947
947
947
947
954
954
954
954
954
952
952
952
952
952
952
956
956
956
956
956
953
953
953
953
953
965
965
965
965
965
965
949
949
949
949
949
960
960
960
960
960
949
949
949
949
949
949
962
962
962
962
962
946
946
946
946
946
933
933
933
933
933
933
924
924
924
924
924
932
932
932
932
932
911
911
911
911
911
911
919
919
919
919
919
925
925
925
925
925
920
920
920
920
920
920
943
943
943
943
943
929
929
929
929
929
926
926
926
926
926
926
911
911
911
911
911
920
920
920
920
920
915
915
915
915
915
915
899
899
899
899
899
918
918
918
918
918
923
923
923
923
923
923
948
948
948
948
948
967
967
967
967
967
963
963
963
963
963
963
974
974
974
974
974
973
973
973
973
973
977
977
977
977
977
977
963
963
963
963
963
957
957
957
957
957
962
962
962
962
962
962
958
958
958
958
958
947
947
947
947
947
935
935
935
935
935
935
917
917
917
917
917
898
898
898
898
898
902
902
902