937
937
937
937
940
940
940
940
940
940
940
940
940
940
940
934
934
934
934
934
938
938
938
938
938
938
940
940
940
940
940
940
940
940
940
940
935
935
935
935
935
935
931
931
931
931
931
934
934
934
934
934
937
937
937
937
937
937
946
946
946
946
946
921
921
921
921
921
936
936
936
936
936
936
933
933
933
933
933
939
939
939
939
939
936
936
936
936
936
936
934
934
934
934
934
928
928
928
928
928
946
946
946
946
946
946
940
940
940
940
940
937
937
937
937
937
940
940
940
940
940
940
944
944
944
944
944
934
934
934
934
934
929
929
929
929
929
929
938
938
938
938
938
946
946
946
946
946
949
949
949
949
949
949
926
926
926
926
926
941
941
941
941
941
935
935
935
935
935
935
944
944
944
944
944
929
929
929
929
929
942
942
942
942
942
942
941
941
941
941
941
942
942
942
942
942
933
933
933
933
933
933
931
931
931
931
931
942
942
942
942
942
932
932
932
932
932
932
949
949
949
949
949
938
938
938
938
938
938
938
938
938
938
938
935
935
935
935
935
945
945
945
945
945
943
943
943
943
943
943
935
935
935
935
935
940
940
940
940
940
940
940
940
940
940
940
933
933
933
933
933
945
945
945
945
945
931
931
931
931
931
931
942
942
942
942
942
933
933
933
933
933
921
921
921
921
921
921
940
940
940
940
940
940
940
940
940
940
941
941
941
941
941
941
938
938
938
938
938
927
927
927
927
927
938
938
938
938
938
938
949
949
949
949
949
949
949
949
949
949
930
930
930
930
930
930
940
940
940
940
940
938
938
938
938
938
939
939
939
939
939
939
937
937
937
937
937
953
953
953
953
953
927
927
927
927
927
927
945
945
945
945
945
945
945
945
945
945
942
942
942
942
942
942
938
938
938
938
938
940
940
940
940
940
939
939
939
939
939
939
943
943
943
943
943
937
937
937
937
937
938
938
938
938
938
938
934
934
934
934
934
927
927
927
927
927
945
945
945
945
945
945
939
939
939
939
939
946
946
946
946
946
965
965
965
965
965
965
941
941
941
941
941
937
937
937
937
937
935
935
935
935
935
935
935
935
935
935
935
942
942
942
942
942
944
944
944
944
944
944
933
933
933
933
933
935
935
935
935
935
936
936
936
936
936
936
939
939
939
939
939
940
940
940
940
940
943
943
943
943
943
943
943
943
943
943
943
931
931
931
931
931
955
955
955
955
955
955
942
942
942
942
942
942
942
942
942
942
940
940
940
940
940
940
940
940
940
940
940
938
938
938
938
938
937
937
937
937
937
937
939
939
939
939
939
942
942
942
942
942
932
932
932
932
932
932
937
937
937
937
937
944
944
944
944
944
935
935
935
935
935
935
936
936
936
936
936
950
950
950
950
950
950
950
950
950
950
950
936
936
936
936
936
939
939
939
939
939
940
940
940
940
940
940
941
941
941
941
941
951
951
951
951
951
943
943
943
943
943
943
941
941
941
941
941
937
937
937
937
937
931
931
931
931
931
931
928
928
928
928
928
933
933
933
933
933
947
947
947
947
947
947
936
936
936
936
936
939
939
939
939
939
926
926
926
926
926
926
936
936
936
936
936
935
935
935
935
935
939
939
939
939
939
939
924
924
924
924
924
933
933
933
933
933
940
940
940
940
940
940
937
937
937
937
937
929
929
929
929
929
939
939
939
939
939
939
936
936
936
936
936
940
940
940
940
940
934
934
934
934
934
934
944
944
944
944
944
948
948
948
948
948
932
932
932
932
932
932
931
931
931
931
931
930
930
930
930
930
932
932
932
932
932
932
937
937
937
937
937
929
929
929
929
929
941
941
941
941
941
941
946
946
946
946
946
938
938
938
938
938
927
927
927
927
927
927
932
932
932
932
932
936
936
936
936
936
930
930
930
930
930
930
936
936
936
936
936
926
926
926
926
926
931
931
931
931
931
931
933
933
933
933
933
938
938
938
938
938
930
930
930
930
930
930
924
924
924
924
924
929
929
929
929
929
938
938
938
938
938
938
936
936
936
936
936
930
930
930
930
930
936
936
936
936
936
936
928
928
928
928
928
928
928
928
928
928
930
930
930
930
930
930
932
932
932
932
932
937
937
937
937
937
930
930
930
930
930
930
934
934
934
934
934
934
934
934
934
934
930
930
930
930
930
930
936
936
936
936
936
926
926
926
926
926
934
934
934
934
934
934
930
930
930
930
930
933
933
933
933
933
935
935
935
935
935
935
930
930
930
930
930
933
933
933
933
933
936
936
936
936
936
936
936
936
936
936
936
929
929
929
929
929
934
934
934
934
934
934
942
942
942
942
942
935
935
935
935
935
940
940
940
940
940
940
928
928
928
928
928
937
937
937
937
937
915
915
915
915
915
915
936
936
936
936
936
933
933
933
933
933
931
931
931
931
931
931
931
931
931
931
931
934
934
934
934
934
932
932
932
932
932
932
926
926
926
926
926
924
924
924
924
924
936
936
936
936
936
936
928
928
928
928
928
941
941
941
941
941
936
936
936
936
936
936
932
932
932
932
932
925
925
925
925
925
935
935
935
935
935
935
942
942
942
942
942
938
938
938
938
938
943
943
943
943
943
943
934
934
934
934
934
944
944
944
944
944
932
932
932
932
932
932
922
922
922
922
922
931
931
931
931
931
947
947
947
947
947
947
924
924
924
924
924
932
932
932
932
932
936
936
936
936
936
936
934
934
934
934
934
942
942
942
942
942
944
944
944
944
944
944
932
932
932
932
932
941
941
941
941
941
933
933
933
933
933
933
940
940
940
940
940
937
937
937
937
937
934
934
934
934
934
934
940
940
940
940
940
935
935
935
935
935
936
936
936
936
936
936
939
939
939
939
939
933
933
933
933
933
937
937
937
937
937
937
930
930
930
930
930
936
936
936
936
936
931
931
931
931
931
931
934
934
934
934
934
945
945
945
945
945
932
932
932
932
932
932
932
932
932
932
932
934
934
934
934
934
935
935
935
935
935
935
933
933
933
933
933
941
941
941
941
941
939
939
939
939
939
939
939
939
939
939
939
937
937
937
937
937
940
940
940
940
940
940
937
937
937
937
937
940
940
940
940
940
942
942
942
942
942
942
941
941
941
941
941
943
943
943
943
943
940
940
940
940
940
940
941
941
941
941
941
940
940
940
940
940
938
938
938
938
938
938
940
940
940
940
940
942
942
942
942
942
939
939
939
939
939
939
945
945
945
945
945
933
933
933
933
933
931
931
931
931
931
931
941
941
941
941
941
929
929
929
929
929
940
940
940
940
940
940
939
939
939
939
939
938
938
938
938
938
940
940
940
940
940
940
942
942
942
942
942
942
942
942
942
942
943
943
943
943
943
943
939
939
939
939
939
940
940
940
940
940
932
932
932
932
932
932
936
936
936
936
936
937
937
937
937
937
942
942
942
942
942
942
929
929
929
929
929
937
937
937
937
937
939
939
939
939
939
939
938
938
938
938
938
930
930
930
930
930
931
931
931
931
931
931
931
931
931
931
931
929
929
929
929
929
935
935
935
935
935
935
941
941
941
941
941
936
936
936
936
936
937
937
937
937
937
937
933
933
933
933
933
936
936
936
936
936
936
936
936
936
936
936
937
937
937
937
937
944
944
944
944
944
937
937
937
937
937
937
946
946
946
946
946
938
938
938
938
938
933
933
933
933
933
933
931
931
931
931
931
934
934
934
934
934
937
937
937
937
937
937
944
944
944
944
944
938
938
938
938
938
938
938
938
938
938
938
941
941
941
941
941
932
932
932
932
932
937
937
937
937
937
937
930
930
930
930
930
942
942
942
942
942
935
935
935
935
935
935
938
938
938
938
938
918
918
918
918
918
937
937
937
937
937
937
936
936
936
936
936
935
935
935
935
935
937
937
937
937
937
937
937
937
937
937
937
943
943
943
943
943
934
934
934
934
934
934
935
935
935
935
935
938
938
938
938
938
932
932
932
932
932
932
934
934
934
934
934
936
936
936
936
936
940
940
940
940
940
940
931
931
931
931
931
930
930
930
930
930
933
933
933
933
933
933
943
943
943
943
943
940
940
940
940
940
933
933
933
933
933
933
935
935
935
935
935
927
927
927
927
927
936
936
936
936
936
936
936
936
936
936
936
933
933
933
933
933
921
921
921
921
921
921
936
936
936
936
936
929
929
929
929
929
931
931
931
931
931
931
934
934
934
934
934
936
936
936
936
936
941
941
941
941
941
941
931
931
931
931
931
946
946
946
946
946
922
922
922
922
922
922
935
935
935
935
935
930
930
930
930
930
925
925
925
925
925
925
933
933
933
933
933
935
935
935
935
935
938
938
938
938
938
938
936
936
936
936
936
941
941
941
941
941
929
929
929
929
929
929
943
943
943
943
943
931
931
931
931
931
927
927
927
927
927
927
937
937
937
937
937
933
933
933
933
933
944
944
944
944
944
944
937
937
937
937
937
939
939
939
939
939
937
937
937
937
937
937
932
932
932
932
932
938
938
938
938
938
950
950
950
950
950
950
944
944
944
944
944
942
942
942
942
942
939
939
939
939
939
939
931
931
931
931
931
935
935
935
935
935
933
933
933
933
933
933
941
941
941
941
941
934
934
934
934
934
945
945
945
945
945
945
937
937
937
937
937
931
931
931
931
931
936
936
936
936
936
936
944
944
944
944
944
935
935
935
935
935
936
936
936
936
936
936
935
935
935
935
935
939
939
939
939
939
934
934
934
934
934
934
947
947
947
947
947
942
942
942
942
942
937
937
937
937
937
937
944
944
944
944
944
940
940
940
940
940
939
939
939
939
939
939
947
947
947
947
947
941
941
941
941
941
931
931
931
931
931
931
931
931
931
931
931
933
933
933
933
933
943
943
943
943
943
943
939
939
939
939
939
932
932
932
932
932
928
928
928
928
928
928
943
943
943
943
943
935
935
935
935
935
942
942
942
942
942
942
938
938
938
938
938
927
927
927
927
927
943
943
943
943
943
943
930
930
930
930
930
929
929
929
929
929
936
936
936
936
936
936
938
938
938
938
938
930
930
930
930
930
936
936
936
936
936
936
935
935
935
935
935
938
938
938
938
938
941
941
941
941
941
941
944
944
944
944
944
941
941
941
941
941
920
920
920
920
920
920
872
872
872
872
872
798
798
798
798
798
735
735
735
735
735
735
665
665
665
665
665
658
658
658
658
658
712
712
712
712
712
712
811
811
811
811
811
930
930
930
930
930
1032
1032
1032
1032
1032
1032
1101
1101
1101
1101
1101
1108
1108
1108
1108
1108
1051
1051
1051
1051
1051
1051
1013
1013
1013
1013
1013
989
989
989
989
989
1029
1029
1029
1029
1029
1029
1095
1095
1095
1095
1095
1197
1197
1197
1197
1197
1280
1280
1280
1280
1280
1280
1331
1331
1331
1331
1331
1331
1331
1331
1331
1331
1281
1281
1281
1281
1281
1281
1181
1181
1181
1181
1181
1031
1031
1031
1031
1031
856
856
856
856
856
856
694
694
694
694
694
584
584
584
584
584
533
533
533
533
533
533
538
538
538
538
538
564
564
564
564
564
573
573
573
573
573
573
586
586
586
586
586
637
637
637
637
637
719
719
719
719
719
719
839
839
839
839
839
1003
1003
1003
1003
1003
1136
1136
1136
1136
1136
1136
1235
1235
1235
1235
1235
1246
1246
1246
1246
1246
1159
1159
1159
1159
1159
1159
992
992
992
992
992
811
811
811
811
811
702
702
702
702
702
702
683
683
683
683
683
797
797
797
797
797
1038
1038
1038
1038
1038
1038
1364
1364
1364
1364
1364
1680
1680
1680
1680
1680
1933
1933
1933
1933
1933
1933
2049
2049
2049
2049
2049
1970
1970
1970
1970
1970
1698
1698
1698
1698
1698
1698
1310
1310
1310
1310
1310
843
843
843
843
843
438
438
438
438
438
438
195
195
195
195
195
108
108
108
108
108
94
94
94
94
94
94
132
132
132
132
132
257
257
257
257
257
536
536
536
536
536
536
920
920
920
920
920
1263
1263
1263
1263
1263
1497
1497
1497
1497
1497
1497
1592
1592
1592
1592
1592
1550
1550
1550
1550
1550
1387
1387
1387
1387
1387
1387
1204
1204
1204
1204
1204
993
993
993
993
993
855
855
855
855
855
855
735
735
735
735
735
637
637
637
637
637
592
592
592
592
592
592
596
596
596
596
596
646
646
646
646
646
761
761
761
761
761
761
897
897
897
897
897
1055
1055
1055
1055
1055
1187
1187
1187
1187
1187
1187
1270
1270
1270
1270
1270
1383
1383
1383
1383
1383
1448
1448
1448
1448
1448
1448
1512
1512
1512
1512
1512
1528
1528
1528
1528
1528
1462
1462
1462
1462
1462
1462
1333
1333
1333
1333
1333
1175
1175
1175
1175
1175
1008
1008
1008
1008
1008
1008
878
878
878
878
878
795
795
795
795
795
755
755
755
755
755
755
743
743
743
743
743
726
726
726
726
726
727
727
727
727
727
727
692
692
692
692
692
647
647
647
647
647
599
599
599
599
599
599
564
564
564
564
564
583
583
583
583
583
631
631
631
631
631
631
685
685
685
685
685
768
768
768
768
768
851
851
851
851
851
851
941
941
941
941
941
1056
1056
1056
1056
1056
1163
1163
1163
1163
1163
1163
1248
1248
1248
1248
1248
1281
1281
1281
1281
1281
1222
1222
1222
1222
1222
1222
1112
1112
1112
1112
1112
956
956
956
956
956
790
790
790
790
790
790
642
642
642
642
642
585
585
585
585
585
578
578
578
578
578
578
629
629
629
629
629
764
764
764
764
764
915
915
915
915
915
915
1136
1136
1136
1136
1136
1334
1334
1334
1334
1334
1524
1524
1524
1524
1524
1524
1619
1619
1619
1619
1619
1621
1621
1621
1621
1621
1544
1544
1544
1544
1544
1544
1387
1387
1387
1387
1387
1195
1195
1195
1195
1195
1002
1002
1002
1002
1002
1002
821
821
821
821
821
684
684
684
684
684
603
603
603
603
603
603
585
585
585
585
585
560
560
560
560
560
590
590
590
590
590
590
658
658
658
658
658
744
744
744
744
744
854
854
854
854
854
854
951
951
951
951
951
1023
1023
1023
1023
1023
1046
1046
1046
1046
1046
1046
1031
1031
1031
1031
1031
983
983
983
983
983
923
923
923
923
923
923
858
858
858
858
858
807
807
807
807
807
732
732
732
732
732
732
673
673
673
673
673
635
635
635
635
635
612
612
612
612
612
612
629
629
629
629
629
703
703
703
703
703
838
838
838
838
838
838
1017
1017
1017
1017
1017
1214
1214
1214
1214
1214
1372
1372
1372
1372
1372
1372
1450
1450
1450
1450
1450
1457
1457
1457
1457
1457
1390
1390
1390
1390
1390
1390
1287
1287
1287
1287
1287
1184
1184
1184
1184
1184
1096
1096
1096
1096
1096
1096
1049
1049
1049
1049
1049
1030
1030
1030
1030
1030
995
995
995
995
995
995
969
969
969
969
969
927
927
927
927
927
894
894
894
894
894
894
853
853
853
853
853
841
841
841
841
841
833
833
833
833
833
833
822
822
822
822
822
765
765
765
765
765
682
682
682
682
682
682
597
597
597
597
597
552
552
552
552
552
534
534
534
534
534
534
584
584
584
584
584
690
690
690
690
690
855
855
855
855
855
855
1031
1031
1031
1031
1031
1196
1196
1196
1196
1196
1284
1284
1284
1284
1284
1284
1286
1286
1286
1286
1286
1194
1194
1194
1194
1194
1050
1050
1050
1050
1050
1050
907
907
907
907
907
791
791
791
791
791
735
735
735
735
735
735
755
755
755
755
755
836
836
836
836
836
948
948
948
948
948
948
1065
1065
1065
1065
1065
1159
1159
1159
1159
1159
1213
1213
1213
1213
1213
1213
1226
1226
1226
1226
1226
1208
1208
1208
1208
1208
1162
1162
1162
1162
1162
1162
1138
1138
1138
1138
1138
1118
1118
1118
1118
1118
1077
1077
1077
1077
1077
1077
1018
1018
1018
1018
1018
933
933
933
933
933
851
851
851
851
851
851
753
753
753
753
753
673
673
673
673
673
623
623
623
623
623
623
642
642
642
642
642
708
708
708
708
708
795
795
795
795
795
795
876
876
876
876
876
931
931
931
931
931
960
960
960
960
960
960
941
941
941
941
941
900
900
900
900
900
865
865
865
865
865
865
856
856
856
856
856
868
868
868
868
868
925
925
925
925
925
925
988
988
988
988
988
1049
1049
1049
1049
1049
1090
1090
1090
1090
1090
1090
1098
1098
1098
1098
1098
1088
1088
1088
1088
1088
1040
1040
1040
1040
1040
1040
969
969
969
969
969
909
909
909
909
909
857
857
857
857
857
857
829
829
829
829
829
829
829
829
829
829
852
852
852
852
852
852
884
884
884
884
884
925
925
925
925
925
951
951
951
951
951
951
990
990
990
990
990
1018
1018
1018
1018
1018
1056
1056
1056
1056
1056
1056
1080
1080
1080
1080
1080
1103
1103
1103
1103
1103
1106
1106
1106
1106
1106
1106
1105
1105
1105
1105
1105
1062
1062
1062
1062
1062
1010
1010
1010
1010
1010
1010
935
935
935
935
935
855
855
855
855
855
798
798
798
798
798
798
768
768
768
768
768
779
779
779
779
779
815
815
815
815
815
815
871
871
871
871
871
938
938
938
938
938
987
987
987
987
987
987
1025
1025
1025
1025
1025
1030
1030
1030
1030
1030
992
992
992
992
992
992
941
941
941
941
941
882
882
882
882
882
824
824
824
824
824
824
771
771
771
771
771
741
741
741
741
741
756
756
756
756
756
756
789
789
789
789
789
861
861
861
861
861
946
946
946
946
946
946
1012
1012
1012
1012
1012
1052
1052
1052
1052
1052
1090
1090
1090
1090
1090
1090
1095
1095
1095
1095
1095
1080
1080
1080
1080
1080
1055
1055
1055
1055
1055
1055
1029
1029
1029
1029
1029
1010
1010
1010
1010
1010
1011
1011
1011
1011
1011
1011
1004
1004
1004
1004
1004
994
994
994
994
994
969
969
969
969
969
969
949
949
949
949
949
924
924
924
924
924
898
898
898
898
898
898
894
894
894
894
894
888
888
888
888
888
899
899
899
899
899
899
894
894
894
894
894
879
879
879
879
879
846
846
846
846
846
846
803
803
803
803
803
756
756
756
756
756
738
738
738
738
738
738
746
746
746
746
746
786
786
786
786
786
886
886
886
886
886
886
994
994
994
994
994
1090
1090
1090
1090
1090
1144
1144
1144
1144
1144
1144
1166
1166
1166
1166
1166
1131
1131
1131
1131
1131
1088
1088
1088
1088
1088
1088
1010
1010
1010
1010
1010
946
946
946
946
946
892
892
892
892
892
892
881
881
881
881
881
906
906
906
906
906
949
949
949
949
949
949
981
981
981
981
981
1017
1017
1017
1017
1017
1033
1033
1033
1033
1033
1033
1017
1017
1017
1017
1017
991
991
991
991
991
966
966
966
966
966
966
943
943
943
943
943
919
919
919
919
919
928
928
928
928
928
928
912
912
912
912
912
910
910
910
910
910
893
893
893
893
893
893
875
875
875
875
875
866
866
866
866
866
842
842
842
842
842
842
831
831
831
831
831
820
820
820
820
820
831
831
831
831
831
831
869
869
869
869
869
904
904
904
904
904
942
942
942
942
942
942
970
970
970
970
970
979
979
979
979
979
989
989
989
989
989
989
974
974
974
974
974
960
960
960
960
960
942
942
942
942
942
942
920
920
920
920
920
919
919
919
919
919
923
923
923
923
923
923
962
962
962
962
962
1003
1003
1003
1003
1003
1046
1046
1046
1046
1046
1046
1074
1074
1074
1074
1074
1079
1079
1079
1079
1079
1036
1036
1036
1036
1036
1036
1001
1001
1001
1001
1001
949
949
949
949
949
907
907
907
907
907
907
855
855
855
855
855
837
837
837
837
837
846
846
846
846
846
846
884
884
884
884
884
919
919
919
919
919
953
953
953
953
953
953
968
968
968
968
968
979
979
979
979
979
962
962
962
962
962
962
926
926
926
926
926
896
896
896
896
896
851
851
851
851
851
851
840
840
840
840
840
828
828
828
828
828
847
847
847
847
847
847
877
877
877
877
877
913
913
913
913
913
941
941
941
941
941
941
967
967
967
967
967
968
968
968
968
968
969
969
969
969
969
969
948
948
948
948
948
927
927
927
927
927
916
916
916
916
916
916
921
921
921
921
921
939
939
939
939
939
972
972
972
972
972
972
1020
1020
1020
1020
1020
1048
1048
1048
1048
1048
1064
1064
1064
1064
1064
1064
1063
1063
1063
1063
1063
1050
1050
1050
1050
1050
1027
1027
1027
1027
1027
1027
1021
1021
1021
1021
1021
983
983
983
983
983
970
970
970
970
970
970
945
945
945
945
945
939
939
939
939
939
944
944
944
944
944
944
930
930
930
930
930
901
901
901
901
901
870
870
870
870
870
870
854
854
854
854
854
831
831
831
831
831
845
845
845
845
845
845
832
832
832
832
832
843
843
843
843
843
864
864
864
864
864
864
894
894
894
894
894
926
926
926
926
926
937
937
937
937
937
937
944
944
944
944
944
934
934
934
934
934
902
902
902
902
902
902
874
874
874
874
874
863
863
863
863
863
868
868
868
868
868
868
886
886
886
886
886
914
914
914
914
914
944
944
944
944
944
944
982
982
982
982
982
1023
1023
1023
1023
1023
1064
1064
1064
1064
1064
1064
1069
1069
1069
1069
1069
1090
1090
1090
1090
1090
1073
1073
1073
1073
1073
1073
1052
1052
1052
1052
1052
1041
1041
1041
1041
1041
1001
1001
1001
1001
1001
1001
955
955
955
955
955
925
925
925
925
925
895
895
895
895
895
895
881
881
881
881
881
879
879
879
879
879
874
874
874
874
874
874
899
899
899
899
899
899
899
899
899
899
907
907
907
907
907
907
934
934
934
934
934
952
952
952
952
952
969
969
969
969
969
969
964
964
964
964
964
963
963
963
963
963
962
962
962
962
962
962
955
955
955
955
955
955
955
955
955
955
938
938
938
938
938
938
913
913
913
913
913
895
895
895
895
895
894
894
894
894
894
894
873
873
873
873
873
884
884
884
884
884
891
891
891
891
891
891
892
892
892
892
892
921
921
921
921
921
929
929
929
929
929
929
937
937
937
937
937
941
941
941
941
941
936
936
936
936
936
936
941
941
941
941
941
947
947
947
947
947
954
954
954
954
954
954
959
959
959
959
959
967
967
967
967
967
973
973
973
973
973
973
986
986
986
986
986
987
987
987
987
987
967
967
967
967
967
946
946
946
946
946
947
947
947
947
947
939
939
939
939
939
939
944
944
944
944
944
955
955
955
955
955
961
961
961
961
961
961
968
968
968
968
968
956
956
956
956
956
950
950
950
950
950
950
954
954
954
954
954
956
956
956
956
956
937
937
937
937
937
937
942
942
942
942
942
944
944
944
944
944
954
954
954
954
954
954
950
950
950
950
950
954
954
954
954
954
957
957
957
957
957
957
919
919
919
919
919
898
898
898
898
898
888
888
888
888
888
888
883
883
883
883
883
889
889
889
889
889
911
911
911
911
911
911
927
927
927
927
927
963
963
963
963
963
983
983
983
983
983
983
973
973
973
973
973
955
955
955
955
955
917
917
917
917
917
917
908
908
908
908
908
894
894
894
894
894
866
866
866
866
866
866
873
873
873
873
873
875
875
875
875
875
907
907
907
907
907
907
930
930
930
930
930
955
955
955
955
955
984
984
984
984
984
984
989
989
989
989
989
990
990
990
990
990
971
971
971
971
971
971
988
988
988
988
988
977
977
977
977
977
967
967
967
967
967
967
981
981
981
981
981
973
973
973
973
973
978
978
978
978
978
978
973
973
973
973
973
967
967
967
967
967
945
945
945
945
945
945
922
922
922
922
922
908
908
908
908
908
899
899
899
899
899
899
913
913
913
913
913
931
931
931
931
931
969
969
969
969
969
969
996
996
996
996
996
1019
1019
1019
1019
1019
1039
1039
1039
1039
1039
1039
1019
1019
1019
1019
1019
981
981
981
981
981
957
957
957
957
957
957
909
909
909
909
909
877
877
877
877
877
859
859