969
969
969
969
969
972
972
972
972
972
982
982
982
982
982
982
981
981
981
981
981
963
963
963
963
963
976
976
976
976
976
976
967
967
967
967
967
989
989
989
989
989
983
983
983
983
983
983
980
980
980
980
980
978
978
978
978
978
993
993
993
993
993
993
968
968
968
968
968
997
997
997
997
997
960
960
960
960
960
960
971
971
971
971
971
965
965
965
965
965
985
985
985
985
985
985
964
964
964
964
964
969
969
969
969
969
989
989
989
989
989
989
967
967
967
967
967
997
997
997
997
997
972
972
972
972
972
972
997
997
997
997
997
989
989
989
989
989
996
996
996
996
996
996
974
974
974
974
974
977
977
977
977
977
976
976
976
976
976
976
974
974
974
974
974
965
965
965
965
965
978
978
978
978
978
978
973
973
973
973
973
971
971
971
971
971
991
991
991
991
991
991
950
950
950
950
950
982
982
982
982
982
980
980
980
980
980
980
975
975
975
975
975
998
998
998
998
998
962
962
962
962
962
962
980
980
980
980
980
975
975
975
975
975
993
993
993
993
993
993
986
986
986
986
986
984
984
984
984
984
990
990
990
990
990
990
974
974
974
974
974
969
969
969
969
969
990
990
990
990
990
990
976
976
976
976
976
986
986
986
986
986
981
981
981
981
981
981
981
981
981
981
981
983
983
983
983
983
987
987
987
987
987
987
987
987
987
987
987
981
981
981
981
981
989
989
989
989
989
989
985
985
985
985
985
971
971
971
971
971
987
987
987
987
987
987
967
967
967
967
967
979
979
979
979
979
970
970
970
970
970
970
975
975
975
975
975
974
974
974
974
974
996
996
996
996
996
996
979
979
979
979
979
957
957
957
957
957
1013
1013
1013
1013
1013
1013
981
981
981
981
981
992
992
992
992
992
970
970
970
970
970
970
982
982
982
982
982
976
976
976
976
976
976
976
976
976
976
976
976
976
976
976
976
981
981
981
981
981
983
983
983
983
983
983
974
974
974
974
974
981
981
981
981
981
991
991
991
991
991
991
967
967
967
967
967
984
984
984
984
984
995
995
995
995
995
995
978
978
978
978
978
972
972
972
972
972
971
971
971
971
971
971
978
978
978
978
978
966
966
966
966
966
992
992
992
992
992
992
969
969
969
969
969
972
972
972
972
972
984
984
984
984
984
984
976
976
976
976
976
967
967
967
967
967
976
976
976
976
976
976
983
983
983
983
983
985
985
985
985
985
998
998
998
998
998
998
984
984
984
984
984
980
980
980
980
980
971
971
971
971
971
971
960
960
960
960
960
981
981
981
981
981
992
992
992
992
992
992
957
957
957
957
957
992
992
992
992
992
973
973
973
973
973
973
983
983
983
983
983
969
969
969
969
969
978
978
978
978
978
978
982
982
982
982
982
978
978
978
978
978
977
977
977
977
977
977
986
986
986
986
986
993
993
993
993
993
1004
1004
1004
1004
1004
1004
993
993
993
993
993
980
980
980
980
980
991
991
991
991
991
991
985
985
985
985
985
969
969
969
969
969
981
981
981
981
981
981
970
970
970
970
970
976
976
976
976
976
979
979
979
979
979
979
988
988
988
988
988
982
982
982
982
982
968
968
968
968
968
968
985
985
985
985
985
971
971
971
971
971
974
974
974
974
974
974
988
988
988
988
988
997
997
997
997
997
980
980
980
980
980
980
983
983
983
983
983
998
998
998
998
998
973
973
973
973
973
973
984
984
984
984
984
962
962
962
962
962
991
991
991
991
991
991
972
972
972
972
972
993
993
993
993
993
982
982
982
982
982
982
987
987
987
987
987
973
973
973
973
973
993
993
993
993
993
993
969
969
969
969
969
991
991
991
991
991
971
971
971
971
971
971
987
987
987
987
987
973
973
973
973
973
982
982
982
982
982
982
973
973
973
973
973
985
985
985
985
985
979
979
979
979
979
979
987
987
987
987
987
977
977
977
977
977
970
970
970
970
970
970
981
981
981
981
981
973
973
973
973
973
969
969
969
969
969
969
980
980
980
980
980
982
982
982
982
982
969
969
969
969
969
969
982
982
982
982
982
967
967
967
967
967
991
991
991
991
991
991
971
971
971
971
971
969
969
969
969
969
975
975
975
975
975
975
975
975
975
975
975
972
972
972
972
972
977
977
977
977
977
977
984
984
984
984
984
973
973
973
973
973
975
975
975
975
975
975
984
984
984
984
984
976
976
976
976
976
976
976
976
976
976
976
992
992
992
992
992
966
966
966
966
966
968
968
968
968
968
968
984
984
984
984
984
967
967
967
967
967
973
973
973
973
973
973
974
974
974
974
974
985
985
985
985
985
981
981
981
981
981
981
984
984
984
984
984
987
987
987
987
987
945
945
945
945
945
945
859
859
859
859
859
785
785
785
785
785
727
727
727
727
727
727
707
707
707
707
707
673
673
673
673
673
689
689
689
689
689
689
712
712
712
712
712
763
763
763
763
763
908
908
908
908
908
908
1094
1094
1094
1094
1094
1339
1339
1339
1339
1339
1583
1583
1583
1583
1583
1583
1844
1844
1844
1844
1844
1975
1975
1975
1975
1975
1926
1926
1926
1926
1926
1926
1704
1704
1704
1704
1704
1499
1499
1499
1499
1499
1532
1532
1532
1532
1532
1532
1578
1578
1578
1578
1578
1414
1414
1414
1414
1414
1014
1014
1014
1014
1014
1014
735
735
735
735
735
625
625
625
625
625
581
581
581
581
581
581
564
564
564
564
564
568
568
568
568
568
592
592
592
592
592
592
640
640
640
640
640
719
719
719
719
719
932
932
932
932
932
932
1388
1388
1388
1388
1388
1905
1905
1905
1905
1905
2436
2436
2436
2436
2436
2436
2894
2894
2894
2894
2894
3113
3113
3113
3113
3113
2969
2969
2969
2969
2969
2969
2482
2482
2482
2482
2482
1720
1720
1720
1720
1720
1138
1138
1138
1138
1138
1138
823
823
823
823
823
705
705
705
705
705
651
651
651
651
651
651
616
616
616
616
616
609
609
609
609
609
608
608
608
608
608
608
654
654
654
654
654
810
810
810
810
810
1245
1245
1245
1245
1245
1245
1817
1817
1817
1817
1817
2288
2288
2288
2288
2288
2597
2597
2597
2597
2597
2597
2609
2609
2609
2609
2609
2307
2307
2307
2307
2307
1821
1821
1821
1821
1821
1821
1299
1299
1299
1299
1299
827
827
827
827
827
616
616
616
616
616
616
539
539
539
539
539
510
510
510
510
510
510
510
510
510
510
510
527
527
527
527
527
569
569
569
569
569
813
813
813
813
813
813
2205
2205
2205
2205
2205
3728
3728
3728
3728
3728
4095
4095
4095
4095
4095
4095
4095
4095
4095
4095
4095
4095
4095
4095
4095
4095
4095
4095
4095
4095
4095
4095
3305
3305
3305
3305
3305
1714
1714
1714
1714
1714
706
706
706
706
706
706
568
568
568
568
568
529
529
529
529
529
509
509
509
509
509
509
520
520
520
520
520
559
559
559
559
559
647
647
647
647
647
647
1063
1063
1063
1063
1063
2058
2058
2058
2058
2058
3046
3046
3046
3046
3046
3046
3618
3618
3618
3618
3618
3849
3849
3849
3849
3849
3845
3845
3845
3845
3845
3845
3730
3730
3730
3730
3730
3411
3411
3411
3411
3411
2950
2950
2950
2950
2950
2950
2553
2553
2553
2553
2553
2244
2244
2244
2244
2244
1902
1902
1902
1902
1902
1902
1300
1300
1300
1300
1300
922
922
922
922
922
755
755
755
755
755
755
693
693
693
693
693
648
648
648
648
648
617
617
617
617
617
617
619
619
619
619
619
606
606
606
606
606
627
627
627
627
627
627
659
659
659
659
659
761
761
761
761
761
895
895
895
895
895
895
1247
1247
1247
1247
1247
1681
1681
1681
1681
1681
2264
2264
2264
2264
2264
2264
2611
2611
2611
2611
2611
2703
2703
2703
2703
2703
2699
2699
2699
2699
2699
2699
2413
2413
2413
2413
2413
2068
2068
2068
2068
2068
1591
1591
1591
1591
1591
1591
1254
1254
1254
1254
1254
1069
1069
1069
1069
1069
1044
1044
1044
1044
1044
1044
1058
1058
1058
1058
1058
1170
1170
1170
1170
1170
1549
1549
1549
1549
1549
1549
1956
1956
1956
1956
1956
2419
2419
2419
2419
2419
2668
2668
2668
2668
2668
2668
2890
2890
2890
2890
2890
2879
2879
2879
2879
2879
2687
2687
2687
2687
2687
2687
2245
2245
2245
2245
2245
1681
1681
1681
1681
1681
1150
1150
1150
1150
1150
1150
771
771
771
771
771
675
675
675
675
675
649
649
649
649
649
649
671
671
671
671
671
667
667
667
667
667
690
690
690
690
690
690
751
751
751
751
751
882
882
882
882
882
1080
1080
1080
1080
1080
1080
1187
1187
1187
1187
1187
1311
1311
1311
1311
1311
1374
1374
1374
1374
1374
1374
1479
1479
1479
1479
1479
1569
1569
1569
1569
1569
1766
1766
1766
1766
1766
1766
2031
2031
2031
2031
2031
2290
2290
2290
2290
2290
2429
2429
2429
2429
2429
2429
2595
2595
2595
2595
2595
2687
2687
2687
2687
2687
2550
2550
2550
2550
2550
2550
2104
2104
2104
2104
2104
1633
1633
1633
1633
1633
1322
1322
1322
1322
1322
1322
1107
1107
1107
1107
1107
1005
1005
1005
1005
1005
918
918
918
918
918
918
982
982
982
982
982
1115
1115
1115
1115
1115
1261
1261
1261
1261
1261
1261
1437
1437
1437
1437
1437
1682
1682
1682
1682
1682
1875
1875
1875
1875
1875
1875
1931
1931
1931
1931
1931
1738
1738
1738
1738
1738
1474
1474
1474
1474
1474
1474
1194
1194
1194
1194
1194
945
945
945
945
945
788
788
788
788
788
788
725
725
725
725
725
750
750
750
750
750
814
814
814
814
814
814
1010
1010
1010
1010
1010
1351
1351
1351
1351
1351
1604
1604
1604
1604
1604
1604
1720
1720
1720
1720
1720
1628
1628
1628
1628
1628
1432
1432
1432
1432
1432
1432
1248
1248
1248
1248
1248
1112
1112
1112
1112
1112
1048
1048
1048
1048
1048
1048
1132
1132
1132
1132
1132
1383
1383
1383
1383
1383
1763
1763
1763
1763
1763
1763
2222
2222
2222
2222
2222
2579
2579
2579
2579
2579
2882
2882
2882
2882
2882
2882
2868
2868
2868
2868
2868
2533
2533
2533
2533
2533
2071
2071
2071
2071
2071
2071
1616
1616
1616
1616
1616
1193
1193
1193
1193
1193
859
859
859
859
859
859
746
746
746
746
746
722
722
722
722
722
767
767
767
767
767
767
872
872
872
872
872
1113
1113
1113
1113
1113
1456
1456
1456
1456
1456
1456
1809
1809
1809
1809
1809
1985
1985
1985
1985
1985
2034
2034
2034
2034
2034
2034
1958
1958
1958
1958
1958
1804
1804
1804
1804
1804
1527
1527
1527
1527
1527
1527
1244
1244
1244
1244
1244
1044
1044
1044
1044
1044
933
933
933
933
933
933
893
893
893
893
893
863
863
863
863
863
915
915
915
915
915
915
1064
1064
1064
1064
1064
1277
1277
1277
1277
1277
1476
1476
1476
1476
1476
1476
1643
1643
1643
1643
1643
1745
1745
1745
1745
1745
1708
1708
1708
1708
1708
1708
1547
1547
1547
1547
1547
1366
1366
1366
1366
1366
1210
1210
1210
1210
1210
1210
1098
1098
1098
1098
1098
1096
1096
1096
1096
1096
1194
1194
1194
1194
1194
1194
1475
1475
1475
1475
1475
1821
1821
1821
1821
1821
2190
2190
2190
2190
2190
2190
2504
2504
2504
2504
2504
2655
2655
2655
2655
2655
2629
2629
2629
2629
2629
2629
2375
2375
2375
2375
2375
1995
1995
1995
1995
1995
1577
1577
1577
1577
1577
1577
1163
1163
1163
1163
1163
910
910
910
910
910
818
818
818
818
818
818
812
812
812
812
812
884
884
884
884
884
1040
1040
1040
1040
1040
1040
1251
1251
1251
1251
1251
1429
1429
1429
1429
1429
1488
1488
1488
1488
1488
1488
1390
1390
1390
1390
1390
1301
1301
1301
1301
1301
1115
1115
1115
1115
1115
1115
926
926
926
926
926
821
821
821
821
821
774
774
774
774
774
774
838
838
838
838
838
1017
1017
1017
1017
1017
1312
1312
1312
1312
1312
1312
1735
1735
1735
1735
1735
2051
2051
2051
2051
2051
2240
2240
2240
2240
2240
2240
2271
2271
2271
2271
2271
2147
2147
2147
2147
2147
1951
1951
1951
1951
1951
1951
1713
1713
1713
1713
1713
1433
1433
1433
1433
1433
1228
1228
1228
1228
1228
1228
1157
1157
1157
1157
1157
1209
1209
1209
1209
1209
1346
1346
1346
1346
1346
1346
1493
1493
1493
1493
1493
1666
1666
1666
1666
1666
1820
1820
1820
1820
1820
1820
1961
1961
1961
1961
1961
1949
1949
1949
1949
1949
1852
1852
1852
1852
1852
1852
1617
1617
1617
1617
1617
1336
1336
1336
1336
1336
1096
1096
1096
1096
1096
1096
922
922
922
922
922
867
867
867
867
867
908
908
908
908
908
908
972
972
972
972
972
1049
1049
1049
1049
1049
1222
1222
1222
1222
1222
1222
1346
1346
1346
1346
1346
1459
1459
1459
1459
1459
1500
1500
1500
1500
1500
1500
1430
1430
1430
1430
1430
1354
1354
1354
1354
1354
1295
1295
1295
1295
1295
1295
1253
1253
1253
1253
1253
1183
1183
1183
1183
1183
1181
1181
1181
1181
1181
1181
1179
1179
1179
1179
1179
1286
1286
1286
1286
1286
1312
1312
1312
1312
1312
1312
1424
1424
1424
1424
1424
1563
1563
1563
1563
1563
1709
1709
1709
1709
1709
1709
1889
1889
1889
1889
1889
1941
1941
1941
1941
1941
2011
2011
2011
2011
2011
2011
1977
1977
1977
1977
1977
1811
1811
1811
1811
1811
1655
1655
1655
1655
1655
1655
1498
1498
1498
1498
1498
1368
1368
1368
1368
1368
1298
1298
1298
1298
1298
1298
1222
1222
1222
1222
1222
1250
1250
1250
1250
1250
1336
1336
1336
1336
1336
1336
1369
1369
1369
1369
1369
1473
1473
1473
1473
1473
1468
1468
1468
1468
1468
1468
1459
1459
1459
1459
1459
1369
1369
1369
1369
1369
1339
1339
1339
1339
1339
1339
1248
1248
1248
1248
1248
1168
1168
1168
1168
1168
1115
1115
1115
1115
1115
1115
1046
1046
1046
1046
1046
1012
1012
1012
1012
1012
1048
1048
1048
1048
1048
1048
1143
1143
1143
1143
1143
1217
1217
1217
1217
1217
1338
1338
1338
1338
1338
1338
1438
1438
1438
1438
1438
1496
1496
1496
1496
1496
1505
1505
1505
1505
1505
1505
1476
1476
1476
1476
1476
1482
1482
1482
1482
1482
1474
1474
1474
1474
1474
1474
1471
1471
1471
1471
1471
1443
1443
1443
1443
1443
1536
1536
1536
1536
1536
1536
1563
1563
1563
1563
1563
1688
1688
1688
1688
1688
1734
1734
1734
1734
1734
1734
1744
1744
1744
1744
1744
1716
1716
1716
1716
1716
1660
1660
1660
1660
1660
1660
1579
1579
1579
1579
1579
1478
1478
1478
1478
1478
1429
1429
1429
1429
1429
1429
1362
1362
1362
1362
1362
1338
1338
1338
1338
1338
1260
1260
1260
1260
1260
1260
1226
1226
1226
1226
1226
1182
1182
1182
1182
1182
1189
1189
1189
1189
1189
1189
1126
1126
1126
1126
1126
1091
1091
1091
1091
1091
1110
1110
1110
1110
1110
1110
1093
1093
1093
1093
1093
1111
1111
1111
1111
1111
1165
1165
1165
1165
1165
1165
1217
1217
1217
1217
1217
1313
1313
1313
1313
1313
1349
1349
1349
1349
1349
1349
1420
1420
1420
1420
1420
1452
1452
1452
1452
1452
1458
1458
1458
1458
1458
1458
1475
1475
1475
1475
1475
1461
1461
1461
1461
1461
1454
1454
1454
1454
1454
1454
1444
1444
1444
1444
1444
1434
1434
1434
1434
1434
1461
1461
1461
1461
1461
1461
1473
1473
1473
1473
1473
1498
1498
1498
1498
1498
1559
1559
1559
1559
1559
1559
1608
1608
1608
1608
1608
1632
1632
1632
1632
1632
1641
1641
1641
1641
1641
1641
1617
1617
1617
1617
1617
1567
1567
1567
1567
1567
1564
1564
1564
1564
1564
1564
1503
1503
1503
1503
1503
1441
1441
1441
1441
1441
1405
1405
1405
1405
1405
1405
1361
1361
1361
1361
1361
1335
1335
1335
1335
1335
1306
1306
1306
1306
1306
1306
1285
1285
1285
1285
1285
1272
1272
1272
1272
1272
1277
1277
1277
1277
1277
1277
1260
1260
1260
1260
1260
1282
1282
1282
1282
1282
1303
1303
1303
1303
1303
1303
1299
1299
1299
1299
1299
1302
1302
1302
1302
1302
1287
1287
1287
1287
1287
1287
1269
1269
1269
1269
1269
1259
1259
1259
1259
1259
1295
1295
1295
1295
1295
1295
1268
1268
1268
1268
1268
1244
1244
1244
1244
1244
1279
1279
1279
1279
1279
1279
1281
1281
1281
1281
1281
1346
1346
1346
1346
1346
1379
1379
1379
1379
1379
1379
1430
1430
1430
1430
1430
1499
1499
1499
1499
1499
1571
1571
1571
1571
1571
1571
1597
1597
1597
1597
1597
1635
1635
1635
1635
1635
1645
1645
1645
1645
1645
1645
1656
1656
1656
1656
1656
1570
1570
1570
1570
1570
1533
1533
1533
1533
1533
1533
1476
1476
1476
1476
1476
1421
1421
1421
1421
1421
1406
1406
1406
1406
1406
1406
1388
1388
1388
1388
1388
1377
1377
1377
1377
1377
1340
1340
1340
1340
1340
1340
1320
1320
1320
1320
1320
1258
1258
1258
1258
1258
1233
1233
1233
1233
1233
1233
1219
1219
1219
1219
1219
1146
1146
1146
1146
1146
1143
1143
1143
1143
1143
1143
1182
1182
1182
1182
1182
1213
1213
1213
1213
1213
1277
1277
1277
1277
1277
1277
1349
1349
1349
1349
1349
1438
1438
1438
1438
1438
1479
1479
1479
1479
1479
1479
1486
1486
1486
1486
1486
1530
1530
1530
1530
1530
1500
1500
1500
1500
1500
1500
1466
1466
1466
1466
1466
1427
1427
1427
1427
1427
1382
1382
1382
1382
1382
1382
1318
1318
1318
1318
1318
1275
1275
1275
1275
1275
1268
1268
1268
1268
1268
1268
1269
1269
1269
1269
1269
1314
1314
1314
1314
1314
1355
1355
1355
1355
1355
1355
1423
1423
1423
1423
1423
1458
1458
1458
1458
1458
1509
1509
1509
1509
1509
1509
1549
1549
1549
1549
1549
1547
1547
1547
1547
1547
1560
1560
1560
1560
1560
1560
1511
1511
1511
1511
1511
1519
1519
1519
1519
1519
1455
1455
1455
1455
1455
1455
1397
1397
1397
1397
1397
1371
1371
1371
1371
1371
1334
1334
1334
1334
1334
1334
1310
1310
1310
1310
1310
1298
1298
1298
1298
1298
1272
1272
1272
1272
1272
1272
1280
1280
1280
1280
1280
1298
1298
1298
1298
1298
1321
1321
1321
1321
1321
1321
1346
1346
1346
1346
1346
1379
1379
1379
1379
1379
1395
1395
1395
1395
1395
1395
1430
1430
1430
1430
1430
1409
1409
1409
1409
1409
1355
1355
1355
1355
1355
1355
1368
1368
1368
1368
1368
1333
1333
1333
1333
1333
1308
1308
1308
1308
1308
1308
1281
1281
1281
1281
1281
1256
1256
1256
1256
1256
1257
1257
1257
1257
1257
1257
1280
1280
1280
1280
1280
1306
1306
1306
1306
1306
1387
1387
1387
1387
1387
1387
1433
1433
1433
1433
1433
1518
1518
1518
1518
1518
1555
1555
1555
1555
1555
1555
1611
1611
1611
1611
1611
1598
1598
1598
1598
1598
1600
1600
1600
1600
1600
1600
1538
1538
1538
1538
1538
1459
1459
1459
1459
1459
1385
1385
1385
1385
1385
1385
1348
1348
1348
1348
1348
1333
1333
1333
1333
1333
1321
1321
1321
1321
1321
1321
1374
1374
1374
1374
1374
1410
1410
1410
1410
1410
1484
1484
1484
1484
1484
1484
1509
1509
1509
1509
1509
1501
1501
1501
1501
1501
1439
1439
1439
1439
1439
1439
1403
1403
1403
1403
1403
1304
1304
1304
1304
1304
1222
1222
1222
1222
1222
1222
1139
1139
1139
1139
1139
1101
1101
1101
1101
1101
1074
1074
1074
1074
1074
1074
1101
1101
1101
1101
1101
1167
1167
1167
1167
1167
1236
1236
1236
1236
1236
1236
1326
1326
1326
1326
1326
1390
1390
1390
1390
1390
1454
1454
1454
1454
1454
1454
1483
1483
1483
1483
1483
1506
1506
1506
1506
1506
1502
1502
1502
1502
1502
1502
1483
1483
1483
1483
1483
1468
1468
1468
1468
1468
1451
1451
1451
1451
1451
1451
1448
1448
1448
1448
1448
1469
1469
1469
1469
1469
1489
1489
1489
1489
1489
1489
1524
1524
1524
1524
1524
1526
1526
1526
1526
1526
1527
1527
1527
1527
1527
1527
1531
1531
1531
1531
1531
1480
1480
1480
1480
1480
1451
1451
1451
1451
1451
1451
1400
1400
1400
1400
1400
1334
1334
1334
1334
1334
1313
1313
1313
1313
1313
1313
1253
1253
1253
1253
1253
1237
1237
1237
1237
1237
1252
1252
1252
1252
1252
1252
1263
1263
1263
1263
1263
1298
1298
1298
1298
1298
1323
1323
1323
1323
1323
1323
1341
1341
1341
1341
1341
1367
1367
1367
1367
1367
1366
1366
1366
1366
1366
1366
1348
1348
1348
1348
1348
1366
1366
1366
1366
1366
1362
1362
1362
1362
1362
1362
1330
1330
1330
1330
1330
1335
1335
1335
1335
1335
1284
1284
1284
1284
1284
1284
1308
1308
1308
1308
1308
1301
1301
1301
1301
1301
1300
1300
1300
1300
1300
1300
1300
1300
1300
1300
1300
1326
1326
1326
1326
1326
1347
1347
1347
1347
1347
1347
1379
1379
1379
1379
1379
1433
1433
1433
1433
1433
1469
1469
1469
1469
1469
1469
1497
1497
1497
1497
1497
1516
1516
1516
1516
1516
1533
1533
1533
1533
1533
1533
1541
1541
1541
1541
1541
1518
1518
1518
1518
1518
1527
1527
1527
1527
1527
1527
1463
1463
1463
1463
1463
1433
1433
1433
1433
1433
1381
1381
1381
1381
1381
1381
1368
1368
1368
1368
1368
1337
1337
1337
1337
1337
1328
1328
1328
1328
1328
1328
1326
1326
1326
1326
1326
1349
1349
1349
1349
1349
1354
1354
1354
1354
1354
1354
1352
1352
1352
1352
1352
1331
1331
1331
1331
1331
1307
1307
1307
1307
1307
1307
1297
1297
1297
1297
1297
1269
1269
1269
1269
1269
1266
1266
1266
1266
1266
1266
1274
1274
1274
1274
1274
1245
1245
1245
1245
1245
1257
1257
1257
1257
1257
1257
1278
1278
1278
1278
1278
1304
1304
1304
1304
1304
1314
1314
1314
1314
1314
1314
1317
1317
1317
1317
1317
1317
1317
1317
1317
1317
1337
1337
1337
1337
1337
1337
1310
1310
1310
1310
1310
1362
1362
1362
1362
1362
1397
1397
1397
1397
1397
1397
1452
1452
1452
1452
1452
1533
1533
1533
1533
1533
1605
1605
1605
1605
1605
1605
1642
1642
1642
1642
1642
1662
1662
1662
1662
1662
1635
1635
1635
1635
1635
1635
1580
1580
1580
1580
1580
1494
1494
1494
1494
1494
1389
1389
1389
1389
1389
1389
1278
1278
1278
1278
1278
1204
1204
1204
1204
1204
1172
1172
1172
1172
1172
1172
1160
1160
1160
1160
1160
1183
1183
1183
1183
1183
1264
1264
1264
1264
1264
1264
1328
1328
1328
1328
1328
1397
1397
1397
1397
1397
1442
1442
1442
1442
1442
1442
1462
1462
1462
1462
1462
1482
1482
1482
1482
1482
1462
1462
1462
1462
1462
1462
1402
1402
1402
1402
1402
1355
1355
1355
1355
1355
1265
1265
1265
1265
1265
1265
1204
1204
1204
1204
1204
1173
1173
1173
1173
1173
1167
1167
1167
1167
1167
1167
1182
1182
1182
1182
1182
1225
1225
1225
1225
1225
1274
1274
1274
1274
1274
1274
1357
1357
1357
1357
1357
1459
1459
1459
1459
1459
1555
1555
1555
1555
1555
1555
1641
1641
1641
1641
1641
1695
1695
1695
1695
1695
1660
1660
1660
1660
1660
1660
1634
1634
1634
1634
1634
1498
1498
1498
1498
1498
1399
1399
1399
1399
1399
1399
1267
1267
1267
1267
1267
1215
1215
1215
1215
1215
1174
1174
1174
1174
1174
1174
1160
1160
1160
1160
1160
1207
1207
1207
1207
1207
1279
1279
1279
1279
1279
1279
1349
1349
1349
1349
1349
1452
1452
1452
1452
1452
1544
1544
1544
1544
1544
1544
1582
1582
1582
1582
1582
1583
1583
1583
1583
1583
1502
1502
1502
1502
1502
1502
1399
1399
1399
1399
1399
1242
1242
1242
1242
1242
1151
1151
1151
1151
1151
1151
1082
1082
1082
1082
1082
1040
1040
1040
1040
1040
1046
1046
1046
1046
1046
1046
1106
1106
1106
1106
1106
1205
1205
1205
1205
1205
1279
1279
1279
1279
1279
1279
1361
1361
1361
1361
1361
1396
1396
1396
1396
1396
1407
1407
1407
1407
1407
1407
1385
1385
1385
1385
1385
1369
1369
1369
1369
1369
1344
1344
1344
1344
1344
1344
1368
1368
1368
1368
1368
1423
1423
1423
1423
1423
1453
1453
1453
1453
1453
1453
1493
1493
1493
1493
1493
1545
1545
1545
1545
1545
1586
1586
1586
1586
1586
1586
1624
1624
1624
1624
1624
1612
1612
1612
1612
1612
1575
1575
1575
1575
1575
1575
1571
1571
1571
1571
1571
1528
1528
1528
1528
1528
1490
1490
1490
1490
1490
1490
1453
1453
1453
1453
1453
1428
1428
1428
1428
1428
1386
1386
1386
1386
1386
1386
1351
1351
1351
1351
1351
1251
1251
1251
1251
1251
1200
1200
1200
1200
1200
1200
1124
1124
1124
1124
1124
1129
1129
1129
1129
1129
1137
1137
1137
1137
1137
1137
1195
1195
1195
1195
1195
1282
1282
1282
1282
1282
1369
1369
1369
1369
1369
1369
1471
1471
1471
1471
1471
1534
1534
1534
1534
1534
1565
1565
1565
1565
1565
1565
1536
1536
1536
1536
1536
1462
1462
1462
1462
1462
1357
1357
1357
1357
1357
1357
1256
1256
1256
1256
1256
1153
1153
1153
1153
1153
1160
1160
1160
1160
1160
1160
1165
1165
1165
1165
1165
1206
1206
1206
1206
1206
1299
1299
1299
1299
1299
1299
1363
1363
1363
1363
1363
1452
1452
1452
1452
1452
1491
1491
1491
1491
1491
1491
1486
1486
1486
1486
1486
1458
1458
1458
1458
1458
1418
1418
1418
1418
1418
1418
1353
1353
1353
1353
1353
1271
1271
1271
1271
1271
1233
1233
1233
1233
1233
1233
1184
1184
1184
1184
1184
1180
1180
1180
1180
1180
1160
1160
1160
1160
1160
1160
1189
1189
1189
1189
1189
1232
1232
1232
1232
1232
1333
1333
1333
1333
1333
1333
1476
1476
1476
1476
1476
1587
1587
1587
1587
1587
1757
1757
1757
1757
1757
1757
1801
1801
1801
1801
1801
1901
1901
1901
1901
1901
1862
1862
1862
1862
1862
1862
1767
1767
1767
1767
1767
1631
1631
1631
1631
1631
1451
1451
1451
1451
1451
1451
1306
1306
1306
1306
1306
1129
1129
1129
1129
1129
1091
1091
1091
1091
1091
1091
1011
1011
1011
1011
1011
1073
1073
1073
1073
1073
1077
1077
1077
1077
1077
1077
1205
1205
1205
1205
1205
1308
1308
1308
1308
1308
1409
1409
1409
1409
1409
1409
1475
1475
1475
1475
1475
1495
1495
1495
1495
1495
1477
1477
1477
1477
1477
1477
1390
1390
1390
1390
1390
1322
1322
1322
1322
1322
1271
1271
1271
1271
1271
1271
1214
1214
1214
1214
1214
1208
1208
1208
1208
1208
1207
1207
1207
1207
1207
1207
1187
1187
1187
1187
1187
1223
1223
1223
1223
1223
1247
1247
1247
1247
1247
1247
1272
1272
1272
1272
1272
1326
1326
1326
1326
1326
1313
1313
1313
1313
1313
1313
1377
1377
1377
1377
1377
1387
1387
1387
1387
1387
1471
1471
1471
1471
1471
1471
1509
1509
1509
1509
1509
1565
1565
1565
1565
1565
1594
1594
1594
1594
1594
1594
1583
1583
1583
1583
1583
1603
1603
1603
1603
1603
1557
1557
1557
1557
1557
1557
1507
1507
1507
1507
1507
1412
1412
1412
1412
1412
1328
1328
1328
1328
1328
1328
1268
1268
1268
1268
1268
1210
1210
1210
1210
1210
1174
1174
1174
1174
1174
1174
1196
1196
1196
1196
1196
1202
1202
1202
1202
1202
1298
1298
1298
1298
1298
1298
1353
1353
1353
1353
1353
1444
1444
1444
1444
1444
1453
1453
1453
1453
1453
1453
1435
1435
1435
1435
1435
1381
1381
1381
1381
1381
1300
1300
1300
1300
1300
1300
1269
1269
1269
1269
1269
1199
1199