975
975
975
975
975
973
973
973
973
973
975
975
975
975
975
975
975
975
975
975
975
977
977
977
977
977
970
970
970
970
970
982
982
982
982
982
982
988
988
988
988
988
971
971
971
971
971
998
998
998
998
998
998
995
995
995
995
995
986
986
986
986
986
962
962
962
962
962
962
968
968
968
968
968
982
982
982
982
982
985
985
985
985
985
985
976
976
976
976
976
988
988
988
988
988
964
964
964
964
964
964
978
978
978
978
978
982
982
982
982
982
978
978
978
978
978
978
977
977
977
977
977
968
968
968
968
968
996
996
996
996
996
996
991
991
991
991
991
981
981
981
981
981
978
978
978
978
978
978
988
988
988
988
988
978
978
978
978
978
985
985
985
985
985
985
979
979
979
979
979
975
975
975
975
975
972
972
972
972
972
972
981
981
981
981
981
974
974
974
974
974
978
978
978
978
978
978
985
985
985
985
985
980
980
980
980
980
986
986
986
986
986
986
972
972
972
972
972
974
974
974
974
974
967
967
967
967
967
967
977
977
977
977
977
975
975
975
975
975
965
965
965
965
965
965
973
973
973
973
973
957
957
957
957
957
975
975
975
975
975
975
980
980
980
980
980
989
989
989
989
989
978
978
978
978
978
978
979
979
979
979
979
964
964
964
964
964
979
979
979
979
979
979
994
994
994
994
994
957
957
957
957
957
997
997
997
997
997
997
971
971
971
971
971
975
975
975
975
975
969
969
969
969
969
969
971
971
971
971
971
959
959
959
959
959
967
967
967
967
967
967
974
974
974
974
974
983
983
983
983
983
982
982
982
982
982
982
973
973
973
973
973
981
981
981
981
981
980
980
980
980
980
980
969
969
969
969
969
976
976
976
976
976
985
985
985
985
985
985
973
973
973
973
973
987
987
987
987
987
977
977
977
977
977
977
982
982
982
982
982
982
982
982
982
982
983
983
983
983
983
983
976
976
976
976
976
976
976
976
976
976
979
979
979
979
979
979
964
964
964
964
964
984
984
984
984
984
971
971
971
971
971
971
983
983
983
983
983
974
974
974
974
974
1003
1003
1003
1003
1003
1003
961
961
961
961
961
976
976
976
976
976
965
965
965
965
965
965
984
984
984
984
984
977
977
977
977
977
962
962
962
962
962
962
971
971
971
971
950
950
950
950
950
971
971
971
971
971
971
969
969
969
969
969
989
989
989
989
989
984
984
984
984
984
984
985
985
985
985
985
971
971
971
971
971
961
961
961
961
961
961
985
985
985
985
985
965
965
965
965
965
988
988
988
988
988
988
982
982
982
982
982
964
964
964
964
964
972
972
972
972
972
972
972
972
972
972
972
978
978
978
978
978
967
967
967
967
967
967
977
977
977
977
977
963
963
963
963
963
975
975
975
975
975
975
967
967
967
967
967
962
962
962
962
962
966
966
966
966
966
966
965
965
965
965
965
984
984
984
984
984
985
985
985
985
985
985
984
984
984
984
984
957
957
957
957
957
976
976
976
976
976
976
976
976
976
976
976
978
978
978
978
978
994
994
994
994
994
994
971
971
971
971
971
985
985
985
985
985
977
977
977
977
977
977
993
993
993
993
993
970
970
970
970
970
983
983
983
983
983
983
944
944
944
944
944
983
983
983
983
983
951
951
951
951
951
951
965
965
965
965
965
968
968
968
968
968
979
979
979
979
979
979
1003
1003
1003
1003
1003
952
952
952
952
952
977
977
977
977
977
977
970
970
970
970
970
981
981
981
981
981
975
975
975
975
975
975
953
953
953
953
953
963
963
963
963
963
975
975
975
975
975
975
964
964
964
964
964
956
956
956
956
956
981
981
981
981
981
981
976
976
976
976
976
991
991
991
991
991
974
974
974
974
974
974
1006
1006
1006
1006
1006
986
986
986
986
986
973
973
973
973
973
973
993
993
993
993
993
951
951
951
951
951
968
968
968
968
968
968
984
984
984
984
984
978
978
978
978
978
966
966
966
966
966
966
979
979
979
979
979
976
976
976
976
976
991
991
991
991
991
991
994
994
994
994
994
965
965
965
965
965
985
985
985
985
985
985
983
983
983
983
983
990
990
990
990
990
963
963
963
963
963
963
978
978
978
978
978
976
976
976
976
976
956
956
956
956
956
956
980
980
980
980
980
978
978
978
978
978
979
979
979
979
979
979
993
993
993
993
993
984
984
984
984
984
956
956
956
956
956
956
998
998
998
998
998
979
979
979
979
979
960
960
960
960
960
960
998
998
998
998
998
968
968
968
968
968
1014
1014
1014
1014
1014
1014
966
966
966
966
966
1001
1001
1001
1001
1001
972
972
972
972
972
972
957
957
957
957
957
987
987
987
987
987
983
983
983
983
983
983
964
964
964
964
964
979
979
979
979
979
976
976
976
976
976
976
972
972
972
972
972
989
989
989
989
989
964
964
964
964
964
964
984
984
984
984
984
957
957
957
957
957
970
970
970
970
970
970
1004
1004
1004
1004
1004
959
959
959
959
959
987
987
987
987
987
987
957
957
957
957
957
999
999
999
999
999
954
954
954
954
954
954
992
992
992
992
992
952
952
952
952
952
981
981
981
981
981
981
974
974
974
974
974
977
977
977
977
977
989
989
989
989
989
989
977
977
977
977
977
1010
1010
1010
1010
1010
971
971
971
971
971
971
996
996
996
996
996
974
974
974
974
974
983
983
983
983
983
983
973
973
973
973
973
951
951
951
951
951
984
984
984
984
984
984
981
981
981
981
981
991
991
991
991
991
986
986
986
986
986
986
997
997
997
997
997
982
982
982
982
982
996
996
996
996
996
996
977
977
977
977
977
975
975
975
975
975
986
986
986
986
986
986
979
979
979
979
979
988
988
988
988
988
978
978
978
978
978
978
974
974
974
974
974
989
989
989
989
989
968
968
968
968
968
968
990
990
990
990
990
977
977
977
977
977
996
996
996
996
996
996
974
974
974
974
974
995
995
995
995
995
976
976
976
976
976
976
1011
1011
1011
1011
1011
968
968
968
968
968
1001
1001
1001
1001
1001
1001
950
950
950
950
950
988
988
988
988
988
995
995
995
995
995
995
964
964
964
964
964
985
985
985
985
985
1006
1006
1006
1006
1006
1006
990
990
990
990
990
986
986
986
986
986
980
980
980
980
980
980
982
982
982
982
982
978
978
978
978
978
988
988
988
988
988
988
973
973
973
973
973
986
986
986
986
986
979
979
979
979
979
979
1000
1000
1000
1000
1000
973
973
973
973
973
988
988
988
988
988
988
985
985
985
985
985
970
970
970
970
970
971
971
971
971
971
971
979
979
979
979
979
999
999
999
999
999
967
967
967
967
967
967
983
983
983
983
983
972
972
972
972
972
981
981
981
981
981
981
965
965
965
965
965
991
991
991
991
991
983
983
983
983
983
983
977
977
977
977
977
986
986
986
986
986
994
994
994
994
994
994
998
998
998
998
998
987
987
987
987
987
979
979
979
979
979
979
1001
1001
1001
1001
1001
981
981
981
981
981
974
974
974
974
974
974
981
981
981
981
981
975
975
975
975
975
988
988
988
988
988
988
978
978
978
978
978
965
965
965
965
965
981
981
981
981
981
981
997
997
997
997
997
991
991
991
991
991
991
991
991
991
991
991
987
987
987
987
987
963
963
963
963
963
976
976
976
976
976
976
959
959
959
959
959
976
976
976
976
976
981
981
981
981
981
981
982
982
982
982
982
989
989
989
989
989
976
976
976
976
976
976
972
972
972
972
972
987
987
987
987
987
973
973
973
973
973
973
982
982
982
982
982
985
985
985
985
985
984
984
984
984
984
984
1005
1005
1005
1005
1005
990
990
990
990
990
999
999
999
999
999
999
1006
1006
1006
1006
1006
980
980
980
980
980
1008
1008
1008
1008
1008
1008
979
979
979
979
979
998
998
998
998
998
991
991
991
991
991
991
957
957
957
957
957
991
991
991
991
991
986
986
986
986
986
986
973
973
973
973
973
991
991
991
991
991
972
972
972
972
972
972
986
986
986
986
986
988
988
988
988
988
986
986
986
986
986
986
982
982
982
982
982
994
994
994
994
994
966
966
966
966
966
966
979
979
979
979
979
984
984
984
984
984
999
999
999
999
999
999
991
991
991
991
991
991
991
991
991
991
995
995
995
995
995
995
983
983
983
983
983
990
990
990
990
990
979
979
979
979
979
979
988
988
988
988
988
998
998
998
998
998
988
988
988
988
988
988
974
974
974
974
974
1006
1006
1006
1006
1006
972
972
972
972
972
972
984
984
984
984
984
1006
1006
1006
1006
1006
955
955
955
955
955
955
1016
1016
1016
1016
1016
957
957
957
957
957
974
974
974
974
974
974
998
998
998
998
998
997
997
997
997
997
997
997
997
997
997
997
990
990
990
990
990
1004
1004
1004
1004
1004
980
980
980
980
980
980
988
988
988
988
988
972
972
972
972
972
991
991
991
991
991
991
980
980
980
980
980
1006
1006
1006
1006
1006
984
984
984
984
984
984
981
981
981
981
981
979
979
979
979
979
981
981
981
981
981
981
974
974
974
974
974
983
983
983
983
983
979
979
979
979
979
979
999
999
999
999
999
1006
1006
1006
1006
1006
1013
1013
1013
1013
1013
1013
1016
1016
1016
1016
1016
1006
1006
1006
1006
1006
988
988
988
988
988
988
1012
1012
1012
1012
1012
989
989
989
989
989
991
991
991
991
991
991
985
985
985
985
985
978
978
978
978
978
996
996
996
996
996
996
967
967
967
967
967
994
994
994
994
994
991
991
991
991
991
991
988
988
988
988
988
978
978
978
978
978
977
977
977
977
977
977
1019
1019
1019
1019
1019
991
991
991
991
991
1012
1012
1012
1012
1012
1012
986
986
986
986
986
1036
1036
1036
1036
1036
984
984
984
984
984
984
927
927
927
927
927
836
836
836
836
836
738
738
738
738
738
738
682
682
682
682
682
638
638
638
638
638
608
608
608
608
608
608
578
578
578
578
578
582
582
582
582
582
578
578
578
578
578
578
601
601
601
601
601
630
630
630
630
630
677
677
677
677
677
677
824
824
824
824
824
1136
1136
1136
1136
1136
1577
1577
1577
1577
1577
1577
1815
1815
1815
1815
1815
1980
1980
1980
1980
1980
1920
1920
1920
1920
1920
1920
1723
1723
1723
1723
1723
1404
1404
1404
1404
1404
1040
1040
1040
1040
1040
1040
787
787
787
787
787
697
697
697
697
697
634
634
634
634
634
634
634
634
634
634
634
661
661
661
661
661
699
699
699
699
699
699
797
797
797
797
797
970
970
970
970
970
1351
1351
1351
1351
1351
1351
1837
1837
1837
1837
1837
2100
2100
2100
2100
2100
2139
2139
2139
2139
2139
2139
1968
1968
1968
1968
1968
1692
1692
1692
1692
1692
1441
1441
1441
1441
1441
1441
1181
1181
1181
1181
1181
977
977
977
977
977
830
830
830
830
830
830
787
787
787
787
787
786
786
786
786
786
810
810
810
810
810
810
877
877
877
877
877
987
987
987
987
987
1179
1179
1179
1179
1179
1179
1225
1225
1225
1225
1225
1072
1072
1072
1072
1072
866
866
866
866
866
866
768
768
768
768
768
760
760
760
760
760
712
712
712
712
712
712
671
671
671
671
671
652
652
652
652
652
680
680
680
680
680
680
737
737
737
737
737
885
885
885
885
885
1102
1102
1102
1102
1102
1102
1386
1386
1386
1386
1386
1798
1798
1798
1798
1798
2212
2212
2212
2212
2212
2212
2402
2402
2402
2402
2402
2255
2255
2255
2255
2255
1945
1945
1945
1945
1945
1945
1587
1587
1587
1587
1587
1244
1244
1244
1244
1244
962
962
962
962
962
962
756
756
756
756
756
673
673
673
673
673
648
648
648
648
648
648
683
683
683
683
683
726
726
726
726
726
765
765
765
765
765
765
814
814
814
814
814
965
965
965
965
965
1229
1229
1229
1229
1229
1229
1488
1488
1488
1488
1488
1585
1585
1585
1585
1585
1589
1589
1589
1589
1589
1589
1558
1558
1558
1558
1558
1551
1551
1551
1551
1551
1408
1408
1408
1408
1408
1408
1154
1154
1154
1154
1154
959
959
959
959
959
846
846
846
846
846
846
803
803
803
803
803
786
786
786
786
786
751
751
751
751
751
751
765
765
765
765
765
826
826
826
826
826
926
926
926
926
926
926
955
955
955
955
955
953
953
953
953
953
923
923
923
923
923
923
927
927
927
927
927
908
908
908
908
908
874
874
874
874
874
874
844
844
844
844
844
850
850
850
850
850
867
867
867
867
867
867
899
899
899
899
899
989
989
989
989
989
1118
1118
1118
1118
1118
1118
1295
1295
1295
1295
1295
1447
1447
1447
1447
1447
1600
1600
1600
1600
1600
1600
1647
1647
1647
1647
1647
1522
1522
1522
1522
1522
1300
1300
1300
1300
1300
1300
1139
1139
1139
1139
1139
1024
1024
1024
1024
1024
940
940
940
940
940
940
823
823
823
823
823
745
745
745
745
745
747
747
747
747
747
747
801
801
801
801
801
949
949
949
949
949
1074
1074
1074
1074
1074
1074
1127
1127
1127
1127
1127
1151
1151
1151
1151
1151
1243
1243
1243
1243
1243
1243
1351
1351
1351
1351
1351
1395
1395
1395
1395
1395
1318
1318
1318
1318
1318
1318
1220
1220
1220
1220
1220
1214
1214
1214
1214
1214
1195
1195
1195
1195
1195
1195
1128
1128
1128
1128
1128
960
960
960
960
960
853
853
853
853
853
853
799
799
799
799
799
788
788
788
788
788
782
782
782
782
782
782
817
817
817
817
817
889
889
889
889
889
962
962
962
962
962
962
1055
1055
1055
1055
1055
1145
1145
1145
1145
1145
1158
1158
1158
1158
1158
1158
1018
1018
1018
1018
1018
881
881
881
881
881
786
786
786
786
786
786
765
765
765
765
765
750
750
750
750
750
787
787
787
787
787
787
926
926
926
926
926
1186
1186
1186
1186
1186
1483
1483
1483
1483
1483
1483
1714
1714
1714
1714
1714
1789
1789
1789
1789
1789
1699
1699
1699
1699
1699
1699
1469
1469
1469
1469
1469
1097
1097
1097
1097
1097
818
818
818
818
818
818
704
704
704
704
704
652
652
652
652
652
622
622
622
622
622
622
627
627
627
627
627
672
672
672
672
672
741
741
741
741
741
741
858
858
858
858
858
1060
1060
1060
1060
1060
1345
1345
1345
1345
1345
1345
1553
1553
1553
1553
1553
1656
1656
1656
1656
1656
1634
1634
1634
1634
1634
1634
1589
1589
1589
1589
1589
1417
1417
1417
1417
1417
1163
1163
1163
1163
1163
1163
987
987
987
987
987
883
883
883
883
883
837
837
837
837
837
837
765
765
765
765
765
719
719
719
719
719
684
684
684
684
684
684
708
708
708
708
708
737
737
737
737
737
784
784
784
784
784
784
837
837
837
837
837
944
944
944
944
944
1129
1129
1129
1129
1129
1129
1244
1244
1244
1244
1244
1252
1252
1252
1252
1252
1175
1175
1175
1175
1175
1175
1062
1062
1062
1062
1062
979
979
979
979
979
913
913
913
913
913
913
899
899
899
899
899
937
937
937
937
937
940
940
940
940
940
940
934
934
934
934
934
935
935
935
935
935
936
936
936
936
936
936
908
908
908
908
908
849
849
849
849
849
831
831
831
831
831
831
875
875
875
875
875
941
941
941
941
941
1009
1009
1009
1009
1009
1009
1087
1087
1087
1087
1087
1186
1186
1186
1186
1186
1224
1224
1224
1224
1224
1224
1186
1186
1186
1186
1186
1094
1094
1094
1094
1094
971
971
971
971
971
971
855
855
855
855
855
795
795
795
795
795
791
791
791
791
791
791
802
802
802
802
802
866
866
866
866
866
906
906
906
906
906
906
1010
1010
1010
1010
1010
1149
1149
1149
1149
1149
1275
1275
1275
1275
1275
1275
1344
1344
1344
1344
1344
1332
1332
1332
1332
1332
1263
1263
1263
1263
1263
1263
1126
1126
1126
1126
1126
989
989
989
989
989
849
849
849
849
849
849
799
799
799
799
799
749
749
749
749
749
735
735
735
735
735
735
752
752
752
752
752
815
815
815
815
815
948
948
948
948
948
948
1085
1085
1085
1085
1085
1247
1247
1247
1247
1247
1326
1326
1326
1326
1326
1326
1346
1346
1346
1346
1346
1242
1242
1242
1242
1242
1095
1095
1095
1095
1095
1095
982
982
982
982
982
873
873
873
873
873
824
824
824
824
824
824
795
795
795
795
795
851
851
851
851
851
970
970
970
970
970
970
1128
1128
1128
1128
1128
1249
1249
1249
1249
1249
1293
1293
1293
1293
1293
1293
1276
1276
1276
1276
1276
1122
1122
1122
1122
1122
948
948
948
948
948
948
823
823
823
823
823
768
768
768
768
768
737
737
737
737
737
737
746
746
746
746
746
767
767
767
767
767
854
854
854
854
854
854
976
976
976
976
976
1088
1088
1088
1088
1088
1194
1194
1194
1194
1194
1194
1230
1230
1230
1230
1230
1200
1200
1200
1200
1200
1108
1108
1108
1108
1108
1108
1034
1034
1034
1034
1034
1004
1004
1004
1004
1004
1025
1025
1025
1025
1025
1025
1031
1031
1031
1031
1031
1097
1097
1097
1097
1097
1137
1137
1137
1137
1137
1137
1177
1177
1177
1177
1177
1115
1115
1115
1115
1115
1017
1017
1017
1017
1017
1017
921
921
921
921
921
834
834
834
834
834
774
774
774
774
774
774
752
752
752
752
752
746
746
746
746
746
779
779
779
779
779
779
846
846
846
846
846
969
969
969
969
969
1165
1165
1165
1165
1165
1165
1363
1363
1363
1363
1363
1451
1451
1451
1451
1451
1443
1443
1443
1443
1443
1443
1399
1399
1399
1399
1399
1356
1356
1356
1356
1356
1218
1218
1218
1218
1218
1218
1043
1043
1043
1043
1043
902
902
902
902
902
804
804
804
804
804
804
799
799
799
799
799
800
800
800
800
800
818
818
818
818
818
818
842
842
842
842
842
888
888
888
888
888
984
984
984
984
984
984
1088
1088
1088
1088
1088
1146
1146
1146
1146
1146
1193
1193
1193
1193
1193
1193
1185
1185
1185
1185
1185
1114
1114
1114
1114
1114
1075
1075
1075
1075
1075
1075
994
994
994
994
994
957
957
957
957
957
912
912
912
912
912
912
899
899
899
899
899
916
916
916
916
916
958
958
958
958
958
958
987
987
987
987
987
1017
1017
1017
1017
1017
1053
1053
1053
1053
1053
1053
1050
1050
1050
1050
1050
1067
1067
1067
1067
1067
991
991
991
991
991
991
964
964
964
964
964
929
929
929
929
929
893
893
893
893
893
893
917
917
917
917
917
927
927
927
927
927
967
967
967
967
967
967
965
965
965
965
965
1034
1034
1034
1034
1034
1078
1078
1078
1078
1078
1078
1113
1113
1113
1113
1113
1114
1114
1114
1114
1114
1099
1099
1099
1099
1099
1099
1079
1079
1079
1079
1079
1035
1035
1035
1035
1035
943
943
943
943
943
943
889
889
889
889
889
909
909
909
909
909
875
875
875
875
875
875
924
924
924
924
924
879
879
879
879
879
976
976
976
976
976
976
998
998
998
998
998
1048
1048
1048
1048
1048
1082
1082
1082
1082
1082
1082
1083
1083
1083
1083
1083
1036
1036
1036
1036
1036
966
966
966
966
966
966
921
921
921
921
921
890
890
890
890
890
890
890
890
890
890
890
879
879
879
879
879
886
886
886
886
886
944
944
944
944
944
944
983
983
983
983
983
1019
1019
1019
1019
1019
1050
1050
1050
1050
1050
1050
1080
1080
1080
1080
1080
1051
1051
1051
1051
1051
1036
1036
1036
1036
1036
1036
1001
1001
1001
1001
1001
956
956
956
956
956
965
965
965
965
965
965
906
906
906
906
906
951
951
951
951
951
927
927
927
927
927
927
960
960
960
960
960
939
939
939
939
939
923
923
923
923
923
923
905
905
905
905
905
907
907
907
907
907
892
892
892
892
892
892
896
896
896
896
896
889
889
889
889
889
907
907
907
907
907
907
998
998
998
998
998
1026
1026
1026
1026
1026
1131
1131
1131
1131
1131
1131
1176
1176
1176
1176
1176
1203
1203
1203
1203
1203
1169
1169
1169
1169
1169
1169
1107
1107
1107
1107
1107
1050
1050
1050
1050
1050
994
994
994
994
994
994
938
938
938
938
938
884
884
884
884
884
858
858
858
858
858
858
836
836
836
836
836
870
870
870
870
870
932
932
932
932
932
932
933
933
933
933
933
974
974
974
974
974
999
999
999
999
999
999
1025
1025
1025
1025
1025
1041
1041
1041
1041
1041
1032
1032
1032
1032
1032
1032
1048
1048
1048
1048
1048
1038
1038
1038
1038
1038
1040
1040
1040
1040
1040
1040
1031
1031
1031
1031
1031
985
985
985
985
985
974
974
974
974
974
974
945
945
945
945
945
923
923
923
923
923
903
903
903
903
903
903
906
906
906
906
906
892
892
892
892
892
927
927
927
927
927
927
967
967
967
967
967
999
999
999
999
999
1017
1017
1017
1017
1017
1017
1056
1056
1056
1056
1056
1076
1076
1076
1076
1076
1062
1062
1062
1062
1062
1062
1049
1049
1049
1049
1049
1012
1012
1012
1012
1012
1007
1007
1007
1007
1007
1007
981
981
981
981
981
966
966
966
966
966
974
974
974
974
974
974
982
982
982
982
982
971
971
971
971
971
997
997
997
997
997
997
958
958
958
958
958
960
960
960
960
960
929
929
929
929
929
929
917
917
917
917
917
930
930
930
930
930
935
935
935
935
935
935
932
932
932
932
932
957
957
957
957
957
965
965
965
965
965
965
1021
1021
1021
1021
1021
1035
1035
1035
1035
1035
1051
1051
1051
1051
1051
1051
1075
1075
1075
1075
1075
1046
1046
1046
1046
1046
1090
1090
1090
1090
1090
1090
1040
1040
1040
1040
1040
989
989
989
989
989
968
968
968
968
968
968
936
936
936
936
936
953
953
953
953
953
944
944
944
944
944
944
945
945
945
945
945
957
957
957
957
957
970
970
970
970
970
970
974
974
974
974
974
992
992
992
992
992
977
977
977
977
977
977
992
992
992
992
992
986
986
986
986
986
964
964
964
964
964
964
957
957
957
957
957
969
969
969
969
969
972
972
972
972
972
972
981
981
981
981
981
1016
1016
1016
1016
1016
1010
1010
1010
1010
1010
1010
1023
1023
1023
1023
1023
990
990
990
990
990
978
978
978
978
978
978
947
947
947
947
947
976
976
976
976
976
960
960
960
960
960
960
981
981
981
981
981
984
984
984
984
984
996
996
996
996
996
996
1040
1040
1040
1040
1040
1041
1041
1041
1041
1041
1018
1018
1018
1018
1018
1018
1021
1021
1021
1021
1021
980
980
980
980
980
958
958
958
958
958
958
955
955
955
955
955
934
934
934
934
934
953
953
953
953
953
953
946
946
946
946
946
943
943
943
943
943
978
978
978
978
978
978
989
989
989
989
989
1002
1002
1002
1002
1002
1011
1011
1011
1011
1011
1011
1019
1019
1019
1019
1019
1006
1006
1006
1006
1006
1018
1018
1018
1018
1018
1018
993
993
993
993
993
1008
1008
1008
1008
1008
1016
1016
1016
1016
1016
1016
996
996
996
996
996
1007
1007
1007
1007
1007
991
991
991
991
991
991
965
965
965
965
965
959
959
959
959
959
941
941
941
941
941
941
922
922
922
922
922
935
935
935
935
935
947
947
947
947
947
947
951
951
951
951
951
963
963
963
963
963
987
987
987
987
987
987
985
985
985
985
985
985
985
985
985
985
985
985
985
985
985
985
961
961
961
961
961
986
986
986
986
986
984
984
984
984
984
984
978
978
978
978
978
994
994
994
994
994
999
999
999
999
999
999
1023
1023
1023
1023
1023
1013
1013
1013
1013
1013
1000
1000
1000
1000
1000
1000
973
973
973
973
973
979
979
979
979
979
944
944
944
944
944
944
958
958
958
958
958
949
949
949
949
949
952
952
952
952
952
952
967
967
967
967
967
973
973
973
973
973
982
982
982
982
982
982
1006
1006
1006
1006
1006
1019
1019
1019
1019
1019
1020
1020
1020
1020
1020
1020
992
992
992
992
992
991
991
991
991
991
970
970
970
970
970
970
952
952
952
952
952
956
956
956
956
956
949
949
949
949
949
949
972
972
972
972
972
977
977
977
977
977
959
959
959
959
959
959
978
978
978
978
978
969
969
969
969
969
998
998
998
998
998
998
1007
1007
1007
1007
1007
962
962
962
962
962
970
970
970
970
970
970
945
945
945
945
945
940
940
940
940
940
954
954
954
954
954
954
945
945
945
945
945
982
982
982
982
982
1002
1002
1002
1002
1002
1002
1015
1015
1015
1015
1015
1012
1012
1012
1012
1012
993
993
993
993
993
993
1013
1013
1013
1013
1013
982
982
982
982
982
976
976
976
976
976
976
958
958
958
958
958
964
964
964
964
964
947
947
947
947
947
947
956
956
956
956
956
964
964
964
964
964
975
975
975
975
975
975
986
986