933
933
933
933
945
945
945
945
945
939
939
939
939
939
942
942
942
942
942
942
934
934
934
934
934
936
936
936
936
936
943
943
943
943
943
943
946
946
946
946
946
943
943
943
943
943
929
929
929
929
929
929
939
939
939
939
939
936
936
936
936
936
949
949
949
949
949
949
947
947
947
947
947
943
943
943
943
943
948
948
948
948
948
948
946
946
946
946
946
953
953
953
953
953
940
940
940
940
940
940
948
948
948
948
948
954
954
954
954
954
940
940
940
940
940
940
939
939
939
939
939
945
945
945
945
945
939
939
939
939
939
939
941
941
941
941
941
942
942
942
942
942
944
944
944
944
944
944
932
932
932
932
932
944
944
944
944
944
935
935
935
935
935
935
944
944
944
944
944
942
942
942
942
942
942
942
942
942
942
942
944
944
944
944
944
940
940
940
940
940
940
940
940
940
940
940
941
941
941
941
941
947
947
947
947
947
956
956
956
956
956
956
946
946
946
946
946
935
935
935
935
935
938
938
938
938
938
938
947
947
947
947
947
937
937
937
937
937
940
940
940
940
940
940
932
932
932
932
932
939
939
939
939
939
938
938
938
938
938
938
935
935
935
935
935
935
935
935
935
935
937
937
937
937
937
937
938
938
938
938
938
949
949
949
949
949
955
955
955
955
955
955
945
945
945
945
945
942
942
942
942
942
948
948
948
948
948
948
940
940
940
940
940
943
943
943
943
943
939
939
939
939
939
939
950
950
950
950
950
941
941
941
941
941
946
946
946
946
946
946
941
941
941
941
941
939
939
939
939
939
946
946
946
946
946
946
952
952
952
952
952
942
942
942
942
942
944
944
944
944
944
944
940
940
940
940
940
947
947
947
947
947
941
941
941
941
941
941
953
953
953
953
953
944
944
944
944
944
938
938
938
938
938
938
934
934
934
934
934
938
938
938
938
938
935
935
935
935
935
935
935
935
935
935
935
944
944
944
944
944
947
947
947
947
947
947
947
947
947
947
947
931
931
931
931
931
939
939
939
939
939
939
934
934
934
934
934
957
957
957
957
957
941
941
941
941
941
941
948
948
948
948
948
941
941
941
941
941
937
937
937
937
937
937
949
949
949
949
949
942
942
942
942
942
936
936
936
936
936
936
938
938
938
938
938
947
947
947
947
947
936
936
936
936
936
936
944
944
944
944
944
941
941
941
941
941
949
949
949
949
949
949
934
934
934
934
934
947
947
947
947
947
944
944
944
944
944
944
940
940
940
940
940
946
946
946
946
946
947
947
947
947
947
947
941
941
941
941
941
961
961
961
961
961
935
935
935
935
935
935
938
938
938
938
938
946
946
946
946
946
944
944
944
944
944
944
948
948
948
948
948
932
932
932
932
932
945
945
945
945
945
945
954
954
954
954
954
948
948
948
948
948
944
944
944
944
944
944
944
944
944
944
944
940
940
940
940
940
940
940
940
940
940
940
945
945
945
945
945
940
940
940
940
940
938
938
938
938
938
938
946
946
946
946
946
941
941
941
941
941
946
946
946
946
946
946
948
948
948
948
948
952
952
952
952
952
946
946
946
946
946
946
946
946
946
946
946
944
944
944
944
944
945
945
945
945
945
945
934
934
934
934
934
944
944
944
944
944
936
936
936
936
936
936
936
936
936
936
936
941
941
941
941
941
943
943
943
943
943
943
949
949
949
949
949
946
946
946
946
946
939
939
939
939
939
939
950
950
950
950
950
949
949
949
949
949
939
939
939
939
939
939
944
944
944
944
944
952
952
952
952
952
950
950
950
950
950
950
947
947
947
947
947
941
941
941
941
941
944
944
944
944
944
944
940
940
940
940
940
945
945
945
945
945
942
942
942
942
942
942
941
941
941
941
941
941
941
941
941
941
942
942
942
942
942
942
948
948
948
948
948
939
939
939
939
939
951
951
951
951
951
951
932
932
932
932
932
943
943
943
943
943
938
938
938
938
938
938
946
946
946
946
946
946
946
946
946
946
939
939
939
939
939
939
936
936
936
936
936
938
938
938
938
938
930
930
930
930
930
930
947
947
947
947
947
938
938
938
938
938
948
948
948
948
948
948
947
947
947
947
947
950
950
950
950
950
942
942
942
942
942
942
941
941
941
941
941
937
937
937
937
937
941
941
941
941
941
941
942
942
942
942
942
939
939
939
939
939
943
943
943
943
943
943
943
943
943
943
943
945
945
945
945
945
944
944
944
944
944
944
942
942
942
942
942
940
940
940
940
940
948
948
948
948
948
948
943
943
943
943
943
943
943
943
943
943
940
940
940
940
940
940
943
943
943
943
943
940
940
940
940
940
950
950
950
950
950
950
946
946
946
946
946
941
941
941
941
941
949
949
949
949
949
949
939
939
939
939
939
941
941
941
941
941
944
944
944
944
944
944
943
943
943
943
943
945
945
945
945
945
939
939
939
939
939
939
939
939
939
939
939
955
955
955
955
955
946
946
946
946
946
946
939
939
939
939
939
953
953
953
953
953
941
941
941
941
941
941
952
952
952
952
952
951
951
951
951
951
944
944
944
944
944
944
949
949
949
949
949
942
942
942
942
942
936
936
936
936
936
936
944
944
944
944
944
945
945
945
945
945
945
945
945
945
945
945
945
945
945
945
945
940
940
940
940
940
954
954
954
954
954
954
939
939
939
939
939
941
941
941
941
941
947
947
947
947
947
947
943
943
943
943
943
944
944
944
944
944
942
942
942
942
942
942
945
945
945
945
945
936
936
936
936
936
944
944
944
944
944
944
941
941
941
941
941
945
945
945
945
945
935
935
935
935
935
935
948
948
948
948
948
941
941
941
941
941
939
939
939
939
939
939
943
943
943
943
943
937
937
937
937
937
939
939
939
939
939
939
950
950
950
950
950
944
944
944
944
944
947
947
947
947
947
947
946
946
946
946
946
945
945
945
945
945
945
945
945
945
945
945
944
944
944
944
944
940
940
940
940
940
948
948
948
948
948
948
938
938
938
938
938
943
943
943
943
943
936
936
936
936
936
936
949
949
949
949
949
936
936
936
936
936
949
949
949
949
949
949
937
937
937
937
937
937
937
937
937
937
942
942
942
942
942
942
938
938
938
938
938
943
943
943
943
943
937
937
937
937
937
937
942
942
942
942
942
952
952
952
952
952
937
937
937
937
937
937
946
946
946
946
946
943
943
943
943
943
944
944
944
944
944
944
947
947
947
947
947
939
939
939
939
939
945
945
945
945
945
945
946
946
946
946
946
939
939
939
939
939
939
939
939
939
939
939
945
945
945
945
945
942
942
942
942
942
952
952
952
952
952
952
945
945
945
945
945
949
949
949
949
949
943
943
943
943
943
943
943
943
943
943
943
933
933
933
933
933
934
934
934
934
934
934
956
956
956
956
956
940
940
940
940
940
933
933
933
933
933
933
943
943
943
943
943
945
945
945
945
945
939
939
939
939
939
939
941
941
941
941
941
955
955
955
955
955
939
939
939
939
939
939
951
951
951
951
951
934
934
934
934
934
943
943
943
943
943
943
927
927
927
927
927
950
950
950
950
950
939
939
939
939
939
939
942
942
942
942
942
941
941
941
941
941
941
941
941
941
941
941
940
940
940
940
940
945
945
945
945
945
933
933
933
933
933
933
938
938
938
938
938
952
952
952
952
952
948
948
948
948
948
948
950
950
950
950
950
940
940
940
940
940
951
951
951
951
951
951
944
944
944
944
944
943
943
943
943
943
950
950
950
950
950
950
936
936
936
936
936
939
939
939
939
939
940
940
940
940
940
940
933
933
933
933
933
951
951
951
951
951
943
943
943
943
943
943
943
943
943
943
943
944
944
944
944
944
948
948
948
948
948
948
936
936
936
936
936
939
939
939
939
939
942
942
942
942
942
942
951
951
951
951
951
939
939
939
939
939
942
942
942
942
942
942
940
940
940
940
940
945
945
945
945
945
947
947
947
947
947
947
951
951
951
951
951
945
945
945
945
945
942
942
942
942
942
942
958
958
958
958
958
937
937
937
937
937
944
944
944
944
944
944
926
926
926
926
926
949
949
949
949
949
939
939
939
939
939
939
931
931
931
931
931
941
941
941
941
941
942
942
942
942
942
942
939
939
939
939
939
943
943
943
943
943
951
951
951
951
951
951
937
937
937
937
937
947
947
947
947
947
927
927
927
927
927
927
948
948
948
948
948
934
934
934
934
934
944
944
944
944
944
944
946
946
946
946
946
944
944
944
944
944
933
933
933
933
933
933
950
950
950
950
950
946
946
946
946
946
942
942
942
942
942
942
945
945
945
945
945
931
931
931
931
931
942
942
942
942
942
942
951
951
951
951
951
936
936
936
936
936
946
946
946
946
946
946
944
944
944
944
944
953
953
953
953
953
974
974
974
974
974
974
967
967
967
967
967
943
943
943
943
943
895
895
895
895
895
895
851
851
851
851
851
791
791
791
791
791
776
776
776
776
776
776
757
757
757
757
757
774
774
774
774
774
761
761
761
761
761
761
726
726
726
726
726
703
703
703
703
703
699
699
699
699
699
699
734
734
734
734
734
785
785
785
785
785
898
898
898
898
898
898
1033
1033
1033
1033
1033
1197
1197
1197
1197
1197
1336
1336
1336
1336
1336
1336
1457
1457
1457
1457
1457
1518
1518
1518
1518
1518
1505
1505
1505
1505
1505
1505
1410
1410
1410
1410
1410
1254
1254
1254
1254
1254
1088
1088
1088
1088
1088
1088
929
929
929
929
929
813
813
813
813
813
739
739
739
739
739
739
723
723
723
723
723
742
742
742
742
742
814
814
814
814
814
814
914
914
914
914
914
981
981
981
981
981
979
979
979
979
979
979
944
944
944
944
944
884
884
884
884
884
843
843
843
843
843
843
852
852
852
852
852
905
905
905
905
905
991
991
991
991
991
991
1056
1056
1056
1056
1056
1063
1063
1063
1063
1063
972
972
972
972
972
972
821
821
821
821
821
660
660
660
660
660
564
564
564
564
564
564
530
530
530
530
530
589
589
589
589
589
722
722
722
722
722
722
935
935
935
935
935
1198
1198
1198
1198
1198
1438
1438
1438
1438
1438
1438
1583
1583
1583
1583
1583
1577
1577
1577
1577
1577
1449
1449
1449
1449
1449
1449
1242
1242
1242
1242
1242
1012
1012
1012
1012
1012
798
798
798
798
798
798
632
632
632
632
632
532
532
532
532
532
485
485
485
485
485
485
473
473
473
473
473
512
512
512
512
512
583
583
583
583
583
583
729
729
729
729
729
921
921
921
921
921
1152
1152
1152
1152
1152
1152
1375
1375
1375
1375
1375
1531
1531
1531
1531
1531
1565
1565
1565
1565
1565
1565
1501
1501
1501
1501
1501
1364
1364
1364
1364
1364
1162
1162
1162
1162
1162
1162
987
987
987
987
987
841
841
841
841
841
749
749
749
749
749
749
691
691
691
691
691
686
686
686
686
686
677
677
677
677
677
677
704
704
704
704
704
749
749
749
749
749
800
800
800
800
800
800
844
844
844
844
844
869
869
869
869
869
898
898
898
898
898
898
949
949
949
949
949
1054
1054
1054
1054
1054
1168
1168
1168
1168
1168
1168
1270
1270
1270
1270
1270
1266
1266
1266
1266
1266
1189
1189
1189
1189
1189
1189
1056
1056
1056
1056
1056
887
887
887
887
887
739
739
739
739
739
739
642
642
642
642
642
639
639
639
639
639
694
694
694
694
694
694
843
843
843
843
843
1048
1048
1048
1048
1048
1287
1287
1287
1287
1287
1287
1422
1422
1422
1422
1422
1461
1461
1461
1461
1461
1319
1319
1319
1319
1319
1319
1104
1104
1104
1104
1104
847
847
847
847
847
639
639
639
639
639
639
497
497
497
497
497
419
419
419
419
419
385
385
385
385
385
385
411
411
411
411
411
492
492
492
492
492
604
604
604
604
604
604
731
731
731
731
731
863
863
863
863
863
992
992
992
992
992
992
1151
1151
1151
1151
1151
1304
1304
1304
1304
1304
1410
1410
1410
1410
1410
1410
1456
1456
1456
1456
1456
1416
1416
1416
1416
1416
1333
1333
1333
1333
1333
1333
1201
1201
1201
1201
1201
1043
1043
1043
1043
1043
905
905
905
905
905
905
789
789
789
789
789
745
745
745
745
745
788
788
788
788
788
788
846
846
846
846
846
959
959
959
959
959
1091
1091
1091
1091
1091
1091
1227
1227
1227
1227
1227
1322
1322
1322
1322
1322
1337
1337
1337
1337
1337
1337
1323
1323
1323
1323
1323
1278
1278
1278
1278
1278
1207
1207
1207
1207
1207
1207
1140
1140
1140
1140
1140
1031
1031
1031
1031
1031
910
910
910
910
910
910
803
803
803
803
803
718
718
718
718
718
647
647
647
647
647
647
580
580
580
580
580
534
534
534
534
534
519
519
519
519
519
519
567
567
567
567
567
638
638
638
638
638
727
727
727
727
727
727
809
809
809
809
809
877
877
877
877
877
917
917
917
917
917
917
927
927
927
927
927
906
906
906
906
906
870
870
870
870
870
870
852
852
852
852
852
862
862
862
862
862
874
874
874
874
874
874
923
923
923
923
923
999
999
999
999
999
1082
1082
1082
1082
1082
1082
1154
1154
1154
1154
1154
1206
1206
1206
1206
1206
1241
1241
1241
1241
1241
1241
1263
1263
1263
1263
1263
1247
1247
1247
1247
1247
1195
1195
1195
1195
1195
1195
1062
1062
1062
1062
1062
922
922
922
922
922
792
792
792
792
792
792
707
707
707
707
707
717
717
717
717
717
791
791
791
791
791
791
936
936
936
936
936
1097
1097
1097
1097
1097
1246
1246
1246
1246
1246
1246
1324
1324
1324
1324
1324
1327
1327
1327
1327
1327
1236
1236
1236
1236
1236
1236
1081
1081
1081
1081
1081
903
903
903
903
903
750
750
750
750
750
750
650
650
650
650
650
589
589
589
589
589
568
568
568
568
568
568
580
580
580
580
580
615
615
615
615
615
667
667
667
667
667
667
734
734
734
734
734
812
812
812
812
812
896
896
896
896
896
896
990
990
990
990
990
1079
1079
1079
1079
1079
1173
1173
1173
1173
1173
1173
1216
1216
1216
1216
1216
1221
1221
1221
1221
1221
1172
1172
1172
1172
1172
1172
1093
1093
1093
1093
1093
1013
1013
1013
1013
1013
947
947
947
947
947
947
911
911
911
911
911
900
900
900
900
900
920
920
920
920
920
920
970
970
970
970
970
1031
1031
1031
1031
1031
1094
1094
1094
1094
1094
1094
1120
1120
1120
1120
1120
1128
1128
1128
1128
1128
1116
1116
1116
1116
1116
1116
1097
1097
1097
1097
1097
1062
1062
1062
1062
1062
1027
1027
1027
1027
1027
1027
966
966
966
966
966
904
904
904
904
904
841
841
841
841
841
841
802
802
802
802
802
783
783
783
783
783
772
772
772
772
772
772
785
785
785
785
785
807
807
807
807
807
870
870
870
870
870
870
928
928
928
928
928
962
962
962
962
962
965
965
965
965
965
965
939
939
939
939
939
890
890
890
890
890
815
815
815
815
815
815
734
734
734
734
734
667
667
667
667
667
662
662
662
662
662
662
718
718
718
718
718
827
827
827
827
827
942
942
942
942
942
942
1039
1039
1039
1039
1039
1125
1125
1125
1125
1125
1163
1163
1163
1163
1163
1163
1168
1168
1168
1168
1168
1127
1127
1127
1127
1127
1057
1057
1057
1057
1057
1057
1013
1013
1013
1013
1013
982
982
982
982
982
980
980
980
980
980
980
978
978
978
978
978
952
952
952
952
952
936
936
936
936
936
936
928
928
928
928
928
927
927
927
927
927
924
924
924
924
924
924
930
930
930
930
930
972
972
972
972
972
1046
1046
1046
1046
1046
1046
1128
1128
1128
1128
1128
1204
1204
1204
1204
1204
1207
1207
1207
1207
1207
1207
1159
1159
1159
1159
1159
1065
1065
1065
1065
1065
980
980
980
980
980
980
881
881
881
881
881
801
801
801
801
801
746
746
746
746
746
746
737
737
737
737
737
764
764
764
764
764
806
806
806
806
806
806
861
861
861
861
861
887
887
887
887
887
918
918
918
918
918
918
927
927
927
927
927
930
930
930
930
930
920
920
920
920
920
920
904
904
904
904
904
916
916
916
916
916
948
948
948
948
948
948
989
989
989
989
989
1006
1006
1006
1006
1006
1013
1013
1013
1013
1013
1013
998
998
998
998
998
1006
1006
1006
1006
1006
976
976
976
976
976
976
956
956
956
956
956
948
948
948
948
948
927
927
927
927
927
927
956
956
956
956
956
935
935
935
935
935
931
931
931
931
931
931
884
884
884
884
884
829
829
829
829
829
774
774
774
774
774
774
721
721
721
721
721
699
699
699
699
699
730
730
730
730
730
730
806
806
806
806
806
916
916
916
916
916
1036
1036
1036
1036
1036
1036
1139
1139
1139
1139
1139
1220
1220
1220
1220
1220
1215
1215
1215
1215
1215
1215
1181
1181
1181
1181
1181
1099
1099
1099
1099
1099
1003
1003
1003
1003
1003
1003
931
931
931
931
931
882
882
882
882
882
859
859
859
859
859
859
853
853
853
853
853
879
879
879
879
879
918
918
918
918
918
918
969
969
969
969
969
976
976
976
976
976
974
974
974
974
974
974
953
953
953
953
953
931
931
931
931
931
921
921
921
921
921
921
892
892
892
892
892
901
901
901
901
901
884
884
884
884
884
884
898
898
898
898
898
919
919
919
919
919
934
934
934
934
934
934
957
957
957
957
957
956
956
956
956
956
986
986
986
986
986
986
982
982
982
982
982
991
991
991
991
991
981
981
981
981
981
981
967
967
967
967
967
981
981
981
981
981
992
992
992
992
992
992
981
981
981
981
981
945
945
945
945
945
905
905
905
905
905
905
858
858
858
858
858
827
827
827
827
827
809
809
809
809
809
809
818
818
818
818
818
811
811
811
811
811
843
843
843
843
843
843
891
891
891
891
891
921
921
921
921
921
922
922
922
922
922
922
913
913
913
913
913
906
906
906
906
906
898
898
898
898
898
898
897
897
897
897
897
899
899
899
899
899
950
950
950
950
950
950
1008
1008
1008
1008
1008
1076
1076
1076
1076
1076
1130
1130
1130
1130
1130
1130
1156
1156
1156
1156
1156
1157
1157
1157
1157
1157
1124
1124
1124
1124
1124
1124
1069
1069
1069
1069
1069
1020
1020
1020
1020
1020
963
963
963
963
963
963
932
932
932
932
932
906
906
906
906
906
895
895
895
895
895
895
885
885
885
885
885
879
879
879
879
879
870
870
870
870
870
870
872
872
872
872
872
860
860
860
860
860
874
874
874
874
874
874
862
862
862
862
862
876
876
876
876
876
890
890
890
890
890
890
909
909
909
909
909
920
920
920
920
920
932
932
932
932
932
932
939
939
939
939
939
945
945
945
945
945
970
970
970
970
970
970
959
959
959
959
959
952
952
952
952
952
929
929
929
929
929
929
918
918
918
918
918
907
907
907
907
907
892
892
892
892
892
892
901
901
901
901
901
901
901
901
901
901
928
928
928
928
928
928
953
953
953
953
953
977
977
977
977
977
987
987
987
987
987
987
982
982
982
982
982
954
954
954
954
954
931
931
931
931
931
931
914
914
914
914
914
924
924
924
924
924
955
955
955
955
955
955
983
983
983
983
983
1017
1017
1017
1017
1017
1038
1038
1038
1038
1038
1038
1050
1050
1050
1050
1050
1028
1028
1028
1028
1028
995
995
995
995
995
995
942
942
942
942
942
899
899
899
899
899
869
869
869
869
869
869
850
850
850
850
850
868
868
868
868
868
905
905
905
905
905
905
974
974
974
974
974
1009
1009
1009
1009
1009
1019
1019
1019
1019
1019
1019
1026
1026
1026
1026
1026
986
986
986
986
986
957
957
957
957
957
957
883
883
883
883
883
848
848
848
848
848
808
808
808
808
808
808
822
822
822
822
822
846
846
846
846
846
889
889
889
889
889
889
938
938
938
938
938
977
977
977
977
977
1011
1011
1011
1011
1011
1011
1025
1025
1025
1025
1025
1032
1032
1032
1032
1032
1016
1016
1016
1016
1016
1016
1001
1001
1001
1001
1001
990
990
990
990
990
971
971
971
971
971
971
976
976
976
976
976
964
964
964
964
964
955
955
955
955
955
955
924
924
924
924
924
895
895
895
895
895
862
862
862
862
862
862
839
839
839
839
839
853
853
853
853
853
883
883
883
883
883
883
881
881
881
881
881
926
926
926
926
926
960
960
960
960
960
960
999
999
999
999
999
1048
1048
1048
1048
1048
1030
1030
1030
1030
1030
1030
1029
1029
1029
1029
1029
980
980
980
980
980
962
962
962
962
962
962
930
930
930
930
930
912
912
912
912
912
907
907
907
907
907
907
881
881
881
881
881
878
878
878
878
878
894
894
894
894
894
894
912
912
912
912
912
926
926
926
926
926
936
936
936
936
936
936
937
937
937
937
937
931
931
931
931
931
928
928
928
928
928
928
927
927
927
927
927
917
917
917
917
917
916
916
916
916
916
916
909
909
909
909
909
924
924
924
924
924
937
937
937
937
937
937
955
955
955
955
955
985
985
985
985
985
1013
1013
1013
1013
1013
1013
1011
1011
1011
1011
1011
1023
1023
1023
1023
1023
1019
1019
1019
1019
1019
1019
1018
1018
1018
1018
1018
1008
1008
1008
1008
1008
988
988
988
988
988
988
967
967
967
967
967
941
941
941
941
941
936
936
936
936
936
936
940
940
940
940
940
926
926
926
926
926
931
931
931
931
931
931
935
935
935
935
935
924
924
924
924
924
940
940
940
940
940
940
944
944
944
944
944
933
933
933
933
922
922
922
922
922
922
911
911
911
911
911
905
905
905
905
905
900
900
900
900
900
900
898
898
898
898
898
902
902
902
902
902
893
893
893
893
893
893
898
898
898
898
898
892
892
892
892
892
911
911
911
911
911
911
931
931
931
931
931
935
935
935
935
935
945
945
945
945
945
945
954
954
954
954
954
971
971
971
971
971
980
980
980
980
980
980
982
982
982
982
982
993
993
993
993
993
979
979
979
979
979
979
971
971
971
971
971
958
958
958
958
958
937
937
937
937
937
937
937
937
937
937
937
931
931
931
931
931
923
923
923
923
923
923
930
930
930
930
930
948
948
948
948
948
953
953
953
953
953
953
989
989
989
989
989
987
987
987
987
987
977
977
977
977
977
977
975
975
975
975
975
936
936
936
936
936
930
930
930
930
930
930
911
911
911
911
911
891
891
891
891
891
874
874
874
874
874
874
875
875
875
875
875
881
881
881
881
881
911
911
911
911
911
911
934
934
934
934
934
945
945
945
945
945
935
935
935
935
935
935
932
932
932
932
932
946
946
946
946
946
942
942
942
942
942
942
936
936
936
936
936
937
937
937
937
937
915
915
915
915
915
915
906
906
906
906
906
895
895
895
895
895
897
897
897
897
897
897
903
903
903
903
903
907
907
907
907
907
944
944
944
944
944
944
967
967
967
967
967
991
991
991
991
991
1029
1029
1029
1029
1029
1029
1035
1035
1035
1035
1035
1023
1023
1023
1023
1023
1026
1026
1026
1026
1026
1026
988
988
988
988
988
968
968
968
968
968
955
955
955
955
955
955
938
938
938
938
938
937
937
937
937
937
952
952
952
952
952
952
972
972
972
972
972
993
993
993
993
993
998
998
998
998
998
998
992
992
992
992
992
963
963
963
963
963
922
922
922
922
922
922
879
879
879
879
879
836
836
836
836
836
837
837
837
837
837
837
852
852
852
852
852
867
867
867
867
867
900
900
900
900
900
900
924
924
924
924
924
928
928
928
928
928
908
908
908
908
908
908
889
889
889
889
889
889
889
889
889
889
891
891
891
891
891
891
935
935
935
935
935
997
997
997
997
997
1045
1045
1045
1045
1045
1045
1117
1117
1117
1117
1117
1177
1177
1177
1177
1177
1206
1206
1206
1206
1206
1206
1183
1183
1183
1183
1183
1150
1150
1150
1150
1150
1044
1044
1044
1044
1044
1044
961
961
961
961
961
891
891
891
891
891
816
816
816
816
816
816
796
796