978
972
972
972
972
972
963
963
963
963
963
963
935
935
935
935
935
972
972
972
972
972
944
944
944
944
944
944
975
975
975
975
975
986
986
986
986
986
971
971
971
971
971
971
978
978
978
978
978
974
974
974
974
974
962
962
962
962
962
962
958
958
958
958
958
974
974
974
974
974
986
986
986
986
986
986
969
969
969
969
969
977
977
977
977
977
974
974
974
974
974
974
966
966
966
966
966
978
978
978
978
978
974
974
974
974
974
974
961
961
961
961
961
987
987
987
987
987
962
962
962
962
962
962
978
978
978
978
978
961
961
961
961
961
977
977
977
977
977
977
954
954
954
954
954
979
979
979
979
979
965
965
965
965
965
965
984
984
984
984
984
982
982
982
982
982
976
976
976
976
976
976
972
972
972
972
972
954
954
954
954
954
981
981
981
981
981
981
989
989
989
989
989
988
988
988
988
988
948
948
948
948
948
948
972
972
972
972
972
990
990
990
990
990
969
969
969
969
969
969
982
982
982
982
982
997
997
997
997
997
989
989
989
989
989
989
987
987
987
987
987
995
995
995
995
995
988
988
988
988
988
988
1008
1008
1008
1008
1008
999
999
999
999
999
969
969
969
969
969
969
891
891
891
891
891
817
817
817
817
817
781
781
781
781
781
781
764
764
764
764
764
753
753
753
753
753
740
740
740
740
740
740
732
732
732
732
732
722
722
722
722
722
709
709
709
709
709
709
721
721
721
721
721
763
763
763
763
763
813
813
813
813
813
813
1000
1000
1000
1000
1000
1358
1358
1358
1358
1358
1733
1733
1733
1733
1733
1733
2118
2118
2118
2118
2118
2404
2404
2404
2404
2404
2580
2580
2580
2580
2580
2580
2503
2503
2503
2503
2503
2080
2080
2080
2080
2080
1513
1513
1513
1513
1513
1513
1041
1041
1041
1041
1041
783
783
783
783
783
688
688
688
688
688
688
634
634
634
634
634
618
618
618
618
618
641
641
641
641
641
641
714
714
714
714
714
863
863
863
863
863
1095
1095
1095
1095
1095
1095
1245
1245
1245
1245
1245
1208
1208
1208
1208
1208
1078
1078
1078
1078
1078
1078
1003
1003
1003
1003
1003
1024
1024
1024
1024
1024
1092
1092
1092
1092
1092
1092
1214
1214
1214
1214
1214
1218
1218
1218
1218
1218
1111
1111
1111
1111
1111
1111
976
976
976
976
976
820
820
820
820
820
738
738
738
738
738
738
682
682
682
682
682
664
664
664
664
664
656
656
656
656
656
656
707
707
707
707
707
868
868
868
868
868
1247
1247
1247
1247
1247
1247
1786
1786
1786
1786
1786
2386
2386
2386
2386
2386
2715
2715
2715
2715
2715
2715
2704
2704
2704
2704
2704
2245
2245
2245
2245
2245
1485
1485
1485
1485
1485
1485
803
803
803
803
803
624
624
624
624
624
569
569
569
569
569
569
557
557
557
557
557
557
557
557
557
557
565
565
565
565
565
565
617
617
617
617
617
803
803
803
803
803
1475
1475
1475
1475
1475
1475
2170
2170
2170
2170
2170
2710
2710
2710
2710
2710
3027
3027
3027
3027
3027
3027
3064
3064
3064
3064
3064
2663
2663
2663
2663
2663
2040
2040
2040
2040
2040
2040
1395
1395
1395
1395
1395
932
932
932
932
932
723
723
723
723
723
723
636
636
636
636
636
598
598
598
598
598
596
596
596
596
596
596
617
617
617
617
617
666
666
666
666
666
745
745
745
745
745
745
897
897
897
897
897
1132
1132
1132
1132
1132
1225
1225
1225
1225
1225
1225
1187
1187
1187
1187
1187
1148
1148
1148
1148
1148
1174
1174
1174
1174
1174
1174
1275
1275
1275
1275
1275
1453
1453
1453
1453
1453
1661
1661
1661
1661
1661
1661
1844
1844
1844
1844
1844
1726
1726
1726
1726
1726
1334
1334
1334
1334
1334
1334
908
908
908
908
908
724
724
724
724
724
641
641
641
641
641
641
629
629
629
629
629
643
643
643
643
643
707
707
707
707
707
707
992
992
992
992
992
1598
1598
1598
1598
1598
2283
2283
2283
2283
2283
2283
2648
2648
2648
2648
2648
2412
2412
2412
2412
2412
1632
1632
1632
1632
1632
1632
811
811
811
811
811
631
631
631
631
631
563
563
563
563
563
563
540
540
540
540
540
533
533
533
533
533
553
553
553
553
553
553
596
596
596
596
596
765
765
765
765
765
1456
1456
1456
1456
1456
1456
2176
2176
2176
2176
2176
2612
2612
2612
2612
2612
2813
2813
2813
2813
2813
2813
2863
2863
2863
2863
2863
2622
2622
2622
2622
2622
2159
2159
2159
2159
2159
2159
1591
1591
1591
1591
1591
1104
1104
1104
1104
1104
831
831
831
831
831
831
757
757
757
757
757
737
737
737
737
737
725
725
725
725
725
725
710
710
710
710
710
713
713
713
713
713
762
762
762
762
762
762
920
920
920
920
920
1203
1203
1203
1203
1203
1535
1535
1535
1535
1535
1535
1885
1885
1885
1885
1885
2156
2156
2156
2156
2156
2186
2186
2186
2186
2186
2186
2055
2055
2055
2055
2055
1778
1778
1778
1778
1778
1335
1335
1335
1335
1335
1335
886
886
886
886
886
693
693
693
693
693
644
644
644
644
644
644
611
611
611
611
611
617
617
617
617
617
622
622
622
622
622
622
637
637
637
637
637
682
682
682
682
682
758
758
758
758
758
758
827
827
827
827
827
940
940
940
940
940
1081
1081
1081
1081
1081
1081
1104
1104
1104
1104
1104
1034
1034
1034
1034
1034
1020
1020
1020
1020
1020
1020
991
991
991
991
991
959
959
959
959
959
962
962
962
962
962
962
995
995
995
995
995
1092
1092
1092
1092
1092
1189
1189
1189
1189
1189
1189
1337
1337
1337
1337
1337
1471
1471
1471
1471
1471
1530
1530
1530
1530
1530
1530
1511
1511
1511
1511
1511
1436
1436
1436
1436
1436
1352
1352
1352
1352
1352
1352
1285
1285
1285
1285
1285
1122
1122
1122
1122
1122
923
923
923
923
923
923
784
784
784
784
784
705
705
705
705
705
705
705
705
705
705
705
730
730
730
730
730
842
842
842
842
842
1053
1053
1053
1053
1053
1053
1329
1329
1329
1329
1329
1589
1589
1589
1589
1589
1764
1764
1764
1764
1764
1764
1811
1811
1811
1811
1811
1579
1579
1579
1579
1579
1174
1174
1174
1174
1174
1174
863
863
863
863
863
723
723
723
723
723
669
669
669
669
669
669
632
632
632
632
632
631
631
631
631
631
647
647
647
647
647
647
669
669
669
669
669
710
710
710
710
710
861
861
861
861
861
861
1178
1178
1178
1178
1178
1511
1511
1511
1511
1511
1641
1641
1641
1641
1641
1641
1687
1687
1687
1687
1687
1667
1667
1667
1667
1667
1586
1586
1586
1586
1586
1586
1419
1419
1419
1419
1419
1193
1193
1193
1193
1193
1027
1027
1027
1027
1027
1027
923
923
923
923
923
929
929
929
929
929
995
995
995
995
995
995
1037
1037
1037
1037
1037
1053
1053
1053
1053
1053
1039
1039
1039
1039
1039
1039
1076
1076
1076
1076
1076
1102
1102
1102
1102
1102
1162
1162
1162
1162
1162
1162
1215
1215
1215
1215
1215
1270
1270
1270
1270
1270
1228
1228
1228
1228
1228
1228
1142
1142
1142
1142
1142
1056
1056
1056
1056
1056
989
989
989
989
989
989
923
923
923
923
923
813
813
813
813
813
743
743
743
743
743
743
714
714
714
714
714
711
711
711
711
711
734
734
734
734
734
734
780
780
780
780
780
913
913
913
913
913
1088
1088
1088
1088
1088
1088
1178
1178
1178
1178
1178
1211
1211
1211
1211
1211
1155
1155
1155
1155
1155
1155
1007
1007
1007
1007
1007
865
865
865
865
865
747
747
747
747
747
747
710
710
710
710
710
728
728
728
728
728
774
774
774
774
774
774
905
905
905
905
905
1113
1113
1113
1113
1113
1354
1354
1354
1354
1354
1354
1496
1496
1496
1496
1496
1546
1546
1546
1546
1546
1479
1479
1479
1479
1479
1479
1299
1299
1299
1299
1299
1125
1125
1125
1125
1125
950
950
950
950
950
950
884
884
884
884
884
839
839
839
839
839
876
876
876
876
876
876
910
910
910
910
910
972
972
972
972
972
1006
1006
1006
1006
1006
1006
1035
1035
1035
1035
1035
1065
1065
1065
1065
1065
1151
1151
1151
1151
1151
1151
1195
1195
1195
1195
1195
1212
1212
1212
1212
1212
1259
1259
1259
1259
1259
1259
1326
1326
1326
1326
1326
1399
1399
1399
1399
1399
1324
1324
1324
1324
1324
1324
1173
1173
1173
1173
1173
958
958
958
958
958
847
847
847
847
847
847
785
785
785
785
785
755
755
755
755
755
712
712
712
712
712
712
711
711
711
711
711
741
741
741
741
741
768
768
768
768
768
768
856
856
856
856
856
942
942
942
942
942
1078
1078
1078
1078
1078
1078
1190
1190
1190
1190
1190
1279
1279
1279
1279
1279
1326
1326
1326
1326
1326
1326
1375
1375
1375
1375
1375
1375
1375
1375
1375
1375
1271
1271
1271
1271
1271
1271
1097
1097
1097
1097
1097
1009
1009
1009
1009
1009
965
965
965
965
965
965
930
930
930
930
930
875
875
875
875
875
848
848
848
848
848
848
885
885
885
885
885
920
920
920
920
920
926
926
926
926
926
926
905
905
905
905
905
838
838
838
838
838
787
787
787
787
787
787
748
748
748
748
748
753
753
753
753
753
726
726
726
726
726
726
795
795
795
795
795
853
853
853
853
853
1011
1011
1011
1011
1011
1011
1230
1230
1230
1230
1230
1466
1466
1466
1466
1466
1688
1688
1688
1688
1688
1688
1762
1762
1762
1762
1762
1717
1717
1717
1717
1717
1539
1539
1539
1539
1539
1539
1325
1325
1325
1325
1325
1107
1107
1107
1107
1107
909
909
909
909
909
909
817
817
817
817
817
741
741
741
741
741
728
728
728
728
728
728
728
728
728
728
728
779
779
779
779
779
818
818
818
818
818
818
924
924
924
924
924
1025
1025
1025
1025
1025
1123
1123
1123
1123
1123
1123
1183
1183
1183
1183
1183
1191
1191
1191
1191
1191
1174
1174
1174
1174
1174
1174
1074
1074
1074
1074
1074
1017
1017
1017
1017
1017
984
984
984
984
984
984
964
964
964
964
964
1014
1014
1014
1014
1014
1060
1060
1060
1060
1060
1060
1096
1096
1096
1096
1096
1131
1131
1131
1131
1131
1138
1138
1138
1138
1138
1138
1146
1146
1146
1146
1146
1117
1117
1117
1117
1117
983
983
983
983
983
983
902
902
902
902
902
820
820
820
820
820
802
802
802
802
802
802
791
791
791
791
791
796
796
796
796
796
841
841
841
841
841
841
871
871
871
871
871
900
900
900
900
900
941
941
941
941
941
941
991
991
991
991
991
1036
1036
1036
1036
1036
1043
1043
1043
1043
1043
1043
1007
1007
1007
1007
1007
957
957
957
957
957
897
897
897
897
897
897
907
907
907
907
907
912
912
912
912
912
971
971
971
971
971
971
1072
1072
1072
1072
1072
1229
1229
1229
1229
1229
1436
1436
1436
1436
1436
1436
1570
1570
1570
1570
1570
1579
1579
1579
1579
1579
1476
1476
1476
1476
1476
1476
1305
1305
1305
1305
1305
1072
1072
1072
1072
1072
884
884
884
884
884
884
796
796
796
796
796
764
764
764
764
764
766
766
766
766
766
766
801
801
801
801
801
861
861
861
861
861
961
961
961
961
961
961
1011
1011
1011
1011
1011
1034
1034
1034
1034
1034
1044
1044
1044
1044
1044
1044
995
995
995
995
995
936
936
936
936
936
896
896
896
896
896
896
880
880
880
880
880
893
893
893
893
893
979
979
979
979
979
979
1067
1067
1067
1067
1067
1097
1097
1097
1097
1097
1133
1133
1133
1133
1133
1133
1143
1143
1143
1143
1143
1097
1097
1097
1097
1097
1040
1040
1040
1040
1040
1040
942
942
942
942
942
898
898
898
898
898
861
861
861
861
861
861
859
859
859
859
859
894
894
894
894
894
913
913
913
913
913
913
980
980
980
980
980
1018
1018
1018
1018
1018
1056
1056
1056
1056
1056
1056
1058
1058
1058
1058
1058
1062
1062
1062
1062
1062
1055
1055
1055
1055
1055
1055
1060
1060
1060
1060
1060
1077
1077
1077
1077
1077
1065
1065
1065
1065
1065
1065
1091
1091
1091
1091
1091
1107
1107
1107
1107
1107
1101
1101
1101
1101
1101
1101
1052
1052
1052
1052
1052
1026
1026
1026
1026
1026
934
934
934
934
934
934
901
901
901
901
901
886
886
886
886
886
880
880
880
880
880
880
894
894
894
894
894
929
929
929
929
929
988
988
988
988
988
988
1023
1023
1023
1023
1023
1095
1095
1095
1095
1095
1127
1127
1127
1127
1127
1127
1127
1127
1127
1127
1127
1090
1090
1090
1090
1090
1036
1036
1036
1036
1036
1036
990
990
990
990
990
944
944
944
944
944
913
913
913
913
913
913
874
874
874
874
874
864
864
864
864
864
856
856
856
856
856
856
882
882
882
882
882
914
914
914
914
914
989
989
989
989
989
989
1036
1036
1036
1036
1036
1105
1105
1105
1105
1105
1163
1163
1163
1163
1163
1163
1200
1200
1200
1200
1200
1198
1198
1198
1198
1198
1166
1166
1166
1166
1166
1166
1119
1119
1119
1119
1119
1043
1043
1043
1043
1043
975
975
975
975
975
975
932
932
932
932
932
890
890
890
890
890
881
881
881
881
881
881
878
878
878
878
878
889
889
889
889
889
925
925
925
925
925
925
946
946
946
946
946
963
963
963
963
963
1010
1010
1010
1010
1010
1010
1031
1031
1031
1031
1031
1050
1050
1050
1050
1050
1040
1040
1040
1040
1040
1040
1017
1017
1017
1017
1017
986
986
986
986
986
964
964
964
964
964
964
949
949
949
949
949
980
980
980
980
980
960
960
960
960
960
960
978
978
978
978
978
994
994
994
994
994
994
994
994
994
994
994
987
987
987
987
987
956
956
956
956
956
952
952
952
952
952
952
947
947
947
947
947
948
948
948
948
948
960
960
960
960
960
960
969
969
969
969
969
991
991
991
991
991
1008
1008
1008
1008
1008
1008
1019
1019
1019
1019
1019
1025
1025
1025
1025
1025
1035
1035
1035
1035
1035
1035
1011
1011
1011
1011
1011
991
991
991
991
991
978
978
978
978
978
978
990
990
990
990
990
970
970
970
970
970
1001
1001
1001
1001
1001
1001
1023
1023
1023
1023
1023
1070
1070
1070
1070
1070
1120
1120
1120
1120
1120
1120
1121
1121
1121
1121
1121
1143
1143
1143
1143
1143
1135
1135
1135
1135
1135
1135
1094
1094
1094
1094
1094
1055
1055
1055
1055
1055
1000
1000
1000
1000
1000
1000
954
954
954
954
954
924
924
924
924
924
906
906
906
906
906
906
884
884
884
884
884
895
895
895
895
895
876
876
876
876
876
876
903
903
903
903
903
915
915
915
915
915
935
935
935
935
935
935
933
933
933
933
933
966
966
966
966
966
967
967
967
967
967
967
981
981
981
981
981
968
968
968
968
968
1029
1029
1029
1029
1029
1029
1010
1010
1010
1010
1010
1038
1038
1038
1038
1038
1046
1046
1046
1046
1046
1046
1040
1040
1040
1040
1040
1049
1049
1049
1049
1049
1043
1043
1043
1043
1043
1043
1014
1014
1014
1014
1014
1010
1010
1010
1010
1010
1003
1003
1003
1003
1003
1003
973
973
973
973
973
972
972
972
972
972
974
974
974
974
974
974
988
988
988
988
988
989
989
989
989
989
999
999
999
999
999
999
1004
1004
1004
1004
1004
1005
1005
1005
1005
1005
1025
1025
1025
1025
1025
1025
999
999
999
999
999
1019
1019
1019
1019
1019
1004
1004
1004
1004
1004
1004
988
988
988
988
988
973
973
973
973
973
961
961
961
961
961
961
950
950
950
950
950
943
943
943
943
943
952
952
952
952
952
952
971
971
971
971
971
975
975
975
975
975
967
967
967
967
967
967
983
983
983
983
983
986
986
986
986
986
978
978
978
978
978
978
963
963
963
963
963
952
952
952
952
952
951
951
951
951
951
951
952
952
952
952
952
976
976
976
976
976
962
962
962
962
962
962
961
961
961
961
961
980
980
980
980
980
984
984
984
984
984
984
980
980
980
980
980
994
994
994
994
994
1003
1003
1003
1003
1003
1003
998
998
998
998
998
1051
1051
1051
1051
1051
1051
1051
1051
1051
1051
1051
1085
1085
1085
1085
1085
1081
1081
1081
1081
1081
1047
1047
1047
1047
1047
1047
1036
1036
1036
1036
1036
1004
1004
1004
1004
1004
990
990
990
990
990
990
988
988
988
988
988
973
973
973
973
973
989
989
989
989
989
989
994
994
994
994
994
1020
1020
1020
1020
1020
1035
1035
1035
1035
1035
1035
1031
1031
1031
1031
1031
1045
1045
1045
1045
1045
1024
1024
1024
1024
1024
1024
1013
1013
1013
1013
1013
981
981
981
981
981
983
983
983
983
983
983
944
944
944
944
944
945
945
945
945
945
960
960
960
960
960
960
989
989
989
989
989
971
971
971
971
971
988
988
988
988
988
988
982
982
982
982
982
947
947
947
947
947
923
923
923
923
923
923
924
924
924
924
924
912
912
912
912
912
917
917
917
917
917
917
909
909
909
909
909
935
935
935
935
935
966
966
966
966
966
966
989
989
989
989
989
1031
1031
1031
1031
1031
1014
1014
1014
1014
1014
1014
1046
1046
1046
1046
1046
1052
1052
1052
1052
1052
1014
1014
1014
1014
1014
1014
1019
1019
1019
1019
1019
1011
1011
1011
1011
1011
1011
1011
1011
1011
1011
1011
1021
1021
1021
1021
1021
1004
1004
1004
1004
1004
1024
1024
1024
1024
1024
1024
1023
1023
1023
1023
1023
1018
1018
1018
1018
1018
1052
1052
1052
1052
1052
1052
1025
1025
1025
1025
1025
1014
1014
1014
1014
1014
1002
1002
1002
1002
1002
1002
1014
1014
1014
1014
1014
997
997
997
997
997
1003
1003
1003
1003
1003
1003
960
960
960
960
960
965
965
965
965
965
918
918
918
918
918
918
897
897
897
897
897
895
895
895
895
895
880
880
880
880
880
880
913
913
913
913
913
907
907
907
907
907
983
983
983
983
983
983
1019
1019
1019
1019
1019
1095
1095
1095
1095
1095
1144
1144
1144
1144
1144
1144
1184
1184
1184
1184
1184
1159
1159
1159
1159
1159
1126
1126
1126
1126
1126
1126
1072
1072
1072
1072
1072
981
981
981
981
981
953
953
953
953
953
953
882
882
882
882
882
891
891
891
891
891
866
866
866
866
866
866
907
907
907
907
907
958
958
958
958
958
973
973
973
973
973
973
1054
1054
1054
1054
1054
1061
1061
1061
1061
1061
1117
1117
1117
1117
1117
1117
1096
1096
1096
1096
1096
1094
1094
1094
1094
1094
1075
1075
1075
1075
1075
1075
1065
1065
1065
1065
1065
1060
1060
1060
1060
1060
1026
1026
1026
1026
1026
1026
1021
1021
1021
1021
1021
960
960
960
960
960
968
968
968
968
968
968
907
907
907
907
907
901
901
901
901
901
874
874
874
874
874
874
901
901
901
901
901
888
888
888
888
888
918
918
918
918
918
918
1003
1003
1003
1003
1003
1037
1037
1037
1037
1037
1079
1079
1079
1079
1079
1079
1091
1091
1091
1091
1091
1106
1106
1106
1106
1106
1080
1080
1080
1080
1080
1080
1041
1041
1041
1041
1041
1014
1014
1014
1014
1014
948
948
948
948
948
948
905
905
905
905
905
877
877
877
877
877
872
872
872
872
872
872
881
881
881
881
881
917
917
917
917
917
935
935
935
935
935
935
972
972
972
972
972
1026
1026
1026
1026
1026
1099
1099
1099
1099
1099
1099
1105
1105
1105
1105
1105
1097
1097
1097
1097
1097
1111
1111
1111
1111
1111
1111
1032
1032
1032
1032
1032
998
998
998
998
998
929
929
929
929
929
929
912
912
912
912
912
858
858
858
858
858
902
902
902
902
902
902
921
921
921
921
921
957
957
957
957
957
1023
1023
1023
1023
1023
1023
1045
1045
1045
1045
1045
1126
1126
1126
1126
1126
1094
1094
1094
1094
1094
1094
1120
1120
1120
1120
1120
1061
1061
1061
1061
1061
1040
1040
1040
1040
1040
1040
991
991
991
991
991
964
964
964
964
964
953
953
953
953
953
953
933
933
933
933
933
975
975
975
975
975
951
951
951
951
951
951
964
964
964
964
964
965
965
965
965
965
1005
1005
1005
1005
1005
1005
1002
1002
1002
1002
1002
1023
1023
1023
1023
1023
1034
1034
1034
1034
1034
1034
1011
1011
1011
1011
1011
1000
1000
1000
1000
1000
978
978
978
978
978
978
968
968
968
968
968
972
972
972
972
972
983
983
983
983
983
983
991
991
991
991
991
1013
1013
1013
1013
1013
1003
1003
1003
1003
1003
1003
1045
1045
1045
1045
1045
1090
1090
1090
1090
1090
1096
1096
1096
1096
1096
1096
1106
1106
1106
1106
1106
1085
1085
1085
1085
1085
1058
1058
1058
1058
1058
1058
1008
1008
1008
1008
1008
941
941
941
941
941
897
897
897
897
897
897
873
873
873
873
873
888
888
888
888
888
934
934
934
934
934
934
979
979
979
979
979
987
987
987
987
987
1001
1001
1001
1001
1001
1001
998
998
998
998
998
1029
1029
1029
1029
1029
1008
1008
1008
1008
1008
1008
1013
1013
1013
1013
1013
970
970
970
970
970
973
973
973
973
973
973
986
986
986
986
986
951
951
951
951
951
914
914
914
914
914
914
865
865
865
865
865
850
850
850
850
850
819
819
819
819
819
819
837
837
837
837
837
851
851
851
851
851
851
851
851
851
851
851
885
885
885
885
885
905
905
905
905
905
960
960
960
960
960
960
960
960
960
960
960
992
992
992
992
992
1055
1055
1055
1055
1055
1055
1132
1132
1132
1132
1132
1252
1252
1252
1252
1252
1273
1273
1273
1273
1273
1273
1337
1337
1337
1337
1337
1327
1327
1327
1327
1327
1262
1262
1262
1262
1262
1262
1141
1141
1141
1141
1141
1052
1052
1052
1052
1052
926
926
926
926
926
926
875
875
875
875
875
810
810
810
810
810
796
796
796
796
796
796
837
837
837
837
837
821
821
821
821
821
900
900
900
900
900
900
1014
1014
1014
1014
1014
1133
1133
1133
1133
1133
1272
1272
1272
1272
1272
1272
1323
1323
1323
1323
1323
1348
1348
1348
1348
1348
1290
1290
1290
1290
1290
1290
1177
1177
1177
1177
1177
1037
1037
1037
1037
1037
906
906
906
906
906
906
819
819
819
819
819
761
761
761
761
761
737
737
737
737
737
737
746
746
746
746
746
772
772
772
772
772
852
852
852
852
852
852
1004
1004
1004
1004
1004
1165
1165
1165
1165
1165
1330
1330
1330
1330
1330
1330
1478
1478
1478
1478
1478
1567
1567
1567
1567
1567
1477
1477
1477
1477
1477
1477
1304
1304
1304
1304
1304
1065
1065
1065
1065
1065
902
902
902
902
902
902
768
768
768
768
768
722
722
722
722
722
718
718
718
718
718
718
727
727
727
727
727
759
759
759
759
759
846
846
846
846
846
846
977
977
977
977
977
1125
1125
1125
1125
1125
1199
1199
1199
1199
1199
1199
1165
1165
1165
1165
1165
1114
1114
1114
1114
1114
1039
1039
1039
1039
1039
1039
932
932
932
932
932
882
882
882
882
882
882
882
882
882
882
882
915
915
915
915
915
992
992
992
992
992
1097
1097
1097
1097
1097
1097
1229
1229
1229
1229
1229
1310
1310
1310
1310
1310
1350
1350
1350
1350
1350
1350
1358
1358
1358
1358
1358
1267
1267
1267
1267
1267
1157
1157
1157
1157
1157
1157
1029
1029
1029
1029
1029
940
940
940
940
940
858
858
858
858
858
858
860
860
860
860
860
834
834
834
834
834
838
838
838
838
838
838
851
851
851
851
851
877
877
877
877
877
945
945
945
945
945
945
966
966
966
966
966
1000
1000
1000
1000
1000
1004
1004
1004
1004
1004
1004
1010
1010
1010
1010
1010
982
982
982
982
982
976
976
976
976
976
976
947
947
947
947
947
924
924
924
924
924
906
906
906
906
906
906
863
863
863
863
863
893
893
893
893
893
883
883
883
883
883
883
877
877
877
877
877
918
918
918
918
918
943
943
943
943
943
943
983
983
983
983
983
1005
1005
1005
1005
1005
1031
1031
1031
1031
1031
1031
1036
1036
1036
1036
1036
1092
1092
1092
1092
1092
1101
1101
1101
1101
1101
1101
1128
1128
1128
1128
1128
1178
1178
1178
1178
1178
1190
1190
1190
1190
1190
1190
1170
1170
1170
1170
1170
1132
1132
1132
1132
1132
1088
1088
1088
1088
1088
1088
1055
1055
1055
1055
1055
988
988
988
988
988
979
979
979
979
979
979
952
952
952
952
952
962
962
962
962
962
973
973
973
973
973
973
1004
1004
1004
1004
1004
1026
1026
1026
1026
1026
1024
1024
1024
1024
1024
1024
1024
1024
1024
1024
1024
983
983
983
983
983
985
985
985
985
985
985
928
928
928
928
928
887
887
887
887
887
881
881
881
881
881
881
858
858
858
858
858
881
881
881
881
881
850
850
850
850
850
850
896
896
896
896
896
915
915
915
915
915
941
941
941
941
941
941
985
985
985
985
985
1021
1021
1021
1021
1021
1072
1072
1072
1072
1072
1072
1128
1128
1128
1128
1128
1124
1124
1124
1124
1124
1162
1162
1162
1162
1162
1162
1149
1149
1149
1149
1149
1071
1071
1071
1071
1071
1065
1065
1065
1065
1065
1065
949
949
949
949
949
931
931
931
931
931
911
911
911
911
911
911
895
895
895
895
895
894
894
894
894
894
922
922
922
922
922
922
924
924
924
924
924
968
968
968
968
968
972
972
972
972
972
972
992
992
992
992
992
996
996
996
996
996
989
989
989
989
989
989
1000
1000
1000
1000
1000
970
970
970
970
970
1012
1012
1012
1012
1012
1012
969
969
969
969
969
1011
1011
1011
1011
1011
1000
1000
1000
1000
1000
1000
976
976
976
976
976
989
989
989
989
989
981
981
981
981
981
981
980
980
980
980
980
1025
1025
1025
1025
1025
987
987
987
987
987
987
1015
1015
1015
1015
1015
997
997
997
997
997
1032
1032
1032
1032
1032
1032
1018
1018
1018
1018
1018
1017
1017
1017
1017
1017
964
964
964
964
964
964
935
935
935
935
935
912
912
912
912
912
878
878
878
878
878
878
895
895
895
895
895
897
897
897
897
897
902
902
902
902
902
902
932
932
932
932
932
979
979
979
979
979
994