972
961
961
961
961
961
937
937
937
937
937
937
981
981
981
981
981
953
953
953
953
953
980
980
980
980
980
980
967
967
967
967
967
973
973
973
973
973
971
971
971
971
971
971
968
968
968
968
968
976
976
976
976
976
982
982
982
982
982
982
977
977
977
977
977
970
970
970
970
970
979
979
979
979
979
979
965
965
965
965
965
976
976
976
976
976
965
965
965
965
965
965
968
968
968
968
968
962
962
962
962
962
979
979
979
979
979
979
979
979
979
979
979
969
969
969
969
969
964
964
964
964
964
964
976
976
976
976
976
958
958
958
958
958
985
985
985
985
985
985
967
967
967
967
967
987
987
987
987
987
964
964
964
964
964
964
971
971
971
971
971
989
989
989
989
989
975
975
975
975
975
975
969
969
969
969
969
966
966
966
966
966
983
983
983
983
983
983
958
958
958
958
958
975
975
975
975
975
960
960
960
960
960
960
976
976
976
976
976
972
972
972
972
972
973
973
973
973
973
973
966
966
966
966
966
967
967
967
967
967
957
957
957
957
957
957
951
951
951
951
951
980
980
980
980
980
964
964
964
964
964
964
955
955
955
955
955
974
974
974
974
974
969
969
969
969
969
969
987
987
987
987
987
987
987
987
987
987
988
988
988
988
988
988
972
972
972
972
972
986
986
986
986
986
973
973
973
973
973
973
978
978
978
978
978
977
977
977
977
977
964
964
964
964
964
964
948
948
948
948
948
954
954
954
954
954
975
975
975
975
975
975
978
978
978
978
978
994
994
994
994
994
967
967
967
967
967
967
969
969
969
969
969
973
973
973
973
973
982
982
982
982
982
982
994
994
994
994
994
985
985
985
985
985
975
975
975
975
975
975
985
985
985
985
985
969
969
969
969
969
967
967
967
967
967
967
977
977
977
977
977
967
967
967
967
967
985
985
985
985
985
985
970
970
970
970
970
975
975
975
975
975
973
973
973
973
973
973
965
965
965
965
965
968
968
968
968
968
985
985
985
985
985
985
983
983
983
983
983
970
970
970
970
970
977
977
977
977
977
977
987
987
987
987
987
988
988
988
988
988
1000
1000
1000
1000
1000
1000
952
952
952
952
952
945
945
945
945
945
816
816
816
816
816
816
749
749
749
749
749
669
669
669
669
669
649
649
649
649
649
649
643
643
643
643
643
677
677
677
677
677
736
736
736
736
736
736
923
923
923
923
923
1233
1233
1233
1233
1233
1595
1595
1595
1595
1595
1595
1846
1846
1846
1846
1846
1958
1958
1958
1958
1958
1883
1883
1883
1883
1883
1883
1632
1632
1632
1632
1632
1258
1258
1258
1258
1258
922
922
922
922
922
922
748
748
748
748
748
667
667
667
667
667
637
637
637
637
637
637
627
627
627
627
627
644
644
644
644
644
695
695
695
695
695
695
826
826
826
826
826
1182
1182
1182
1182
1182
1583
1583
1583
1583
1583
1583
1834
1834
1834
1834
1834
1978
1978
1978
1978
1978
1956
1956
1956
1956
1956
1956
1830
1830
1830
1830
1830
1636
1636
1636
1636
1636
1447
1447
1447
1447
1447
1447
1272
1272
1272
1272
1272
1158
1158
1158
1158
1158
1093
1093
1093
1093
1093
1093
1077
1077
1077
1077
1077
1115
1115
1115
1115
1115
1158
1158
1158
1158
1158
1158
1181
1181
1181
1181
1181
1153
1153
1153
1153
1153
1103
1103
1103
1103
1103
1103
1044
1044
1044
1044
1044
981
981
981
981
981
943
943
943
943
943
943
882
882
882
882
882
818
818
818
818
818
767
767
767
767
767
767
771
771
771
771
771
802
802
802
802
802
826
826
826
826
826
826
832
832
832
832
832
836
836
836
836
836
822
822
822
822
822
822
765
765
765
765
765
705
705
705
705
705
667
667
667
667
667
667
651
651
651
651
651
647
647
647
647
647
660
660
660
660
660
660
713
713
713
713
713
817
817
817
817
817
1060
1060
1060
1060
1060
1060
1398
1398
1398
1398
1398
1664
1664
1664
1664
1664
1811
1811
1811
1811
1811
1811
1923
1923
1923
1923
1923
1887
1887
1887
1887
1887
1759
1759
1759
1759
1759
1759
1567
1567
1567
1567
1567
1378
1378
1378
1378
1378
1180
1180
1180
1180
1180
1180
990
990
990
990
990
849
849
849
849
849
782
782
782
782
782
782
753
753
753
753
753
753
753
753
753
753
798
798
798
798
798
798
871
871
871
871
871
967
967
967
967
967
1132
1132
1132
1132
1132
1132
1322
1322
1322
1322
1322
1446
1446
1446
1446
1446
1475
1475
1475
1475
1475
1475
1418
1418
1418
1418
1418
1351
1351
1351
1351
1351
1197
1197
1197
1197
1197
1197
1030
1030
1030
1030
1030
863
863
863
863
863
765
765
765
765
765
765
699
699
699
699
699
673
673
673
673
673
645
645
645
645
645
645
632
632
632
632
632
634
634
634
634
634
636
636
636
636
636
636
663
663
663
663
663
675
675
675
675
675
742
742
742
742
742
742
844
844
844
844
844
1074
1074
1074
1074
1074
1352
1352
1352
1352
1352
1352
1681
1681
1681
1681
1681
1942
1942
1942
1942
1942
2151
2151
2151
2151
2151
2151
2174
2174
2174
2174
2174
2180
2180
2180
2180
2180
2138
2138
2138
2138
2138
2138
1994
1994
1994
1994
1994
1741
1741
1741
1741
1741
1432
1432
1432
1432
1432
1432
1127
1127
1127
1127
1127
900
900
900
900
900
754
754
754
754
754
754
672
672
672
672
672
651
651
651
651
651
629
629
629
629
629
629
637
637
637
637
637
649
649
649
649
649
687
687
687
687
687
687
767
767
767
767
767
902
902
902
902
902
1124
1124
1124
1124
1124
1124
1317
1317
1317
1317
1317
1424
1424
1424
1424
1424
1487
1487
1487
1487
1487
1487
1458
1458
1458
1458
1458
1387
1387
1387
1387
1387
1259
1259
1259
1259
1259
1259
1068
1068
1068
1068
1068
860
860
860
860
860
743
743
743
743
743
743
721
721
721
721
721
780
780
780
780
780
969
969
969
969
969
969
1247
1247
1247
1247
1247
1544
1544
1544
1544
1544
1750
1750
1750
1750
1750
1750
1870
1870
1870
1870
1870
1759
1759
1759
1759
1759
1401
1401
1401
1401
1401
1401
1016
1016
1016
1016
1016
772
772
772
772
772
698
698
698
698
698
698
683
683
683
683
683
714
714
714
714
714
745
745
745
745
745
745
844
844
844
844
844
963
963
963
963
963
1097
1097
1097
1097
1097
1097
1140
1140
1140
1140
1140
1059
1059
1059
1059
1059
884
884
884
884
884
884
727
727
727
727
727
654
654
654
654
654
610
610
610
610
610
610
603
603
603
603
603
596
596
596
596
596
610
610
610
610
610
610
639
639
639
639
639
734
734
734
734
734
976
976
976
976
976
976
1547
1547
1547
1547
1547
2181
2181
2181
2181
2181
2654
2654
2654
2654
2654
2654
2886
2886
2886
2886
2886
2875
2875
2875
2875
2875
2717
2717
2717
2717
2717
2717
2326
2326
2326
2326
2326
1759
1759
1759
1759
1759
1071
1071
1071
1071
1071
1071
729
729
729
729
729
628
628
628
628
628
599
599
599
599
599
599
601
601
601
601
601
604
604
604
604
604
638
638
638
638
638
638
699
699
699
699
699
851
851
851
851
851
1099
1099
1099
1099
1099
1099
1315
1315
1315
1315
1315
1425
1425
1425
1425
1425
1486
1486
1486
1486
1486
1486
1474
1474
1474
1474
1474
1498
1498
1498
1498
1498
1548
1548
1548
1548
1548
1548
1631
1631
1631
1631
1631
1750
1750
1750
1750
1750
1772
1772
1772
1772
1772
1772
1695
1695
1695
1695
1695
1474
1474
1474
1474
1474
1193
1193
1193
1193
1193
1193
946
946
946
946
946
768
768
768
768
768
691
691
691
691
691
691
652
652
652
652
652
644
644
644
644
644
645
645
645
645
645
645
669
669
669
669
669
669
669
669
669
669
722
722
722
722
722
722
759
759
759
759
759
802
802
802
802
802
845
845
845
845
845
845
957
957
957
957
957
1174
1174
1174
1174
1174
1339
1339
1339
1339
1339
1339
1475
1475
1475
1475
1475
1633
1633
1633
1633
1633
1757
1757
1757
1757
1757
1757
1762
1762
1762
1762
1762
1671
1671
1671
1671
1671
1461
1461
1461
1461
1461
1461
1231
1231
1231
1231
1231
954
954
954
954
954
770
770
770
770
770
770
682
682
682
682
682
650
650
650
650
650
646
646
646
646
646
646
656
656
656
656
656
726
726
726
726
726
816
816
816
816
816
816
1078
1078
1078
1078
1078
1389
1389
1389
1389
1389
1674
1674
1674
1674
1674
1674
1742
1742
1742
1742
1742
1648
1648
1648
1648
1648
1518
1518
1518
1518
1518
1518
1330
1330
1330
1330
1330
1147
1147
1147
1147
1147
961
961
961
961
961
961
880
880
880
880
880
876
876
876
876
876
888
888
888
888
888
888
890
890
890
890
890
930
930
930
930
930
965
965
965
965
965
965
989
989
989
989
989
976
976
976
976
976
955
955
955
955
955
955
914
914
914
914
914
877
877
877
877
877
848
848
848
848
848
848
803
803
803
803
803
781
781
781
781
781
787
787
787
787
787
787
799
799
799
799
799
849
849
849
849
849
896
896
896
896
896
896
941
941
941
941
941
1017
1017
1017
1017
1017
1058
1058
1058
1058
1058
1058
1085
1085
1085
1085
1085
1064
1064
1064
1064
1064
1001
1001
1001
1001
1001
1001
972
972
972
972
972
919
919
919
919
919
947
947
947
947
947
947
957
957
957
957
957
1008
1008
1008
1008
1008
1075
1075
1075
1075
1075
1075
1051
1051
1051
1051
1051
1079
1079
1079
1079
1079
1053
1053
1053
1053
1053
1053
1057
1057
1057
1057
1057
971
971
971
971
971
935
935
935
935
935
935
881
881
881
881
881
902
902
902
902
902
892
892
892
892
892
892
877
877
877
877
877
869
869
869
869
869
842
842
842
842
842
842
882
882
882
882
882
876
876
876
876
876
920
920
920
920
920
920
949
949
949
949
949
1055
1055
1055
1055
1055
1127
1127
1127
1127
1127
1127
1178
1178
1178
1178
1178
1175
1175
1175
1175
1175
1139
1139
1139
1139
1139
1139
1135
1135
1135
1135
1135
1126
1126
1126
1126
1126
1172
1172
1172
1172
1172
1172
1116
1116
1116
1116
1116
1184
1184
1184
1184
1184
1157
1157
1157
1157
1157
1157
1193
1193
1193
1193
1193
1163
1163
1163
1163
1163
1070
1070
1070
1070
1070
1070
1032
1032
1032
1032
1032
962
962
962
962
962
890
890
890
890
890
890
872
872
872
872
872
868
868
868
868
868
852
852
852
852
852
852
862
862
862
862
862
840
840
840
840
840
813
813
813
813
813
813
794
794
794
794
794
786
786
786
786
786
799
799
799
799
799
799
802
802
802
802
802
879
879
879
879
879
905
905
905
905
905
905
963
963
963
963
963
1105
1105
1105
1105
1105
1179
1179
1179
1179
1179
1179
1264
1264
1264
1264
1264
1236
1236
1236
1236
1236
1246
1246
1246
1246
1246
1246
1220
1220
1220
1220
1220
1271
1271
1271
1271
1271
1266
1266
1266
1266
1266
1266
1229
1229
1229
1229
1229
1154
1154
1154
1154
1154
1042
1042
1042
1042
1042
1042
912
912
912
912
912
812
812
812
812
812
760
760
760
760
760
760
705
705
705
705
705
681
681
681
681
681
676
676
676
676
676
676
673
673
673
673
673
703
703
703
703
703
754
754
754
754
754
754
793
793
793
793
793
833
833
833
833
833
916
916
916
916
916
916
974
974
974
974
974
1054
1054
1054
1054
1054
1071
1071
1071
1071
1071
1071
1108
1108
1108
1108
1108
1156
1156
1156
1156
1156
1208
1208
1208
1208
1208
1208
1237
1237
1237
1237
1237
1292
1292
1292
1292
1292
1315
1315
1315
1315
1315
1315
1386
1386
1386
1386
1386
1383
1383
1383
1383
1383
1373
1373
1373
1373
1373
1373
1346
1346
1346
1346
1346
1291
1291
1291
1291
1291
1264
1264
1264
1264
1264
1264
1234
1234
1234
1234
1234
1163
1163
1163
1163
1163
1111
1111
1111
1111
1111
1111
1010
1010
1010
1010
1010
914
914
914
914
914
842
842
842
842
842
842
789
789
789
789
789
746
746
746
746
746
734
734
734
734
734
734
721
721
721
721
721
745
745
745
745
745
738
738
738
738
738
738
794
794
794
794
794
851
851
851
851
851
927
927
927
927
927
927
1028
1028
1028
1028
1028
1165
1165
1165
1165
1165
1303
1303
1303
1303
1303
1303
1350
1350
1350
1350
1350
1402
1402
1402
1402
1402
1366
1366
1366
1366
1366
1366
1301
1301
1301
1301
1301
1208
1208
1208
1208
1208
1051
1051
1051
1051
1051
1051
931
931
931
931
931
814
814
814
814
814
779
779
779
779
779
779
744
744
744
744
744
749
749
749
749
749
746
746
746
746
746
746
760
760
760
760
760
788
788
788
788
788
808
808
808
808
808
808
866
866
866
866
866
896
896
896
896
896
933
933
933
933
933
933
986
986
986
986
986
992
992
992
992
992
1083
1083
1083
1083
1083
1083
1152
1152
1152
1152
1152
1220
1220
1220
1220
1220
1299
1299
1299
1299
1299
1299
1318
1318
1318
1318
1318
1334
1334
1334
1334
1334
1280
1280
1280
1280
1280
1280
1237
1237
1237
1237
1237
1156
1156
1156
1156
1156
1074
1074
1074
1074
1074
1074
969
969
969
969
969
885
885
885
885
885
817
817
817
817
817
817
800
800
800
800
800
773
773
773
773
773
789
789
789
789
789
789
797
797
797
797
797
833
833
833
833
833
890
890
890
890
890
890
957
957
957
957
957
1053
1053
1053
1053
1053
1117
1117
1117
1117
1117
1117
1195
1195
1195
1195
1195
1227
1227
1227
1227
1227
1243
1243
1243
1243
1243
1243
1244
1244
1244
1244
1244
1203
1203
1203
1203
1203
1173
1173
1173
1173
1173
1173
1098
1098
1098
1098
1098
1039
1039
1039
1039
1039
984
984
984
984
984
984
924
924
924
924
924
852
852
852
852
852
822
822
822
822
822
822
785
785
785
785
785
773
773
773
773
773
777
777
777
777
777
777
792
792
792
792
792
812
812
812
812
812
848
848
848
848
848
848
893
893
893
893
893
937
937
937
937
937
979
979
979
979
979
979
1016
1016
1016
1016
1016
1010
1010
1010
1010
1010
1039
1039
1039
1039
1039
1039
1024
1024
1024
1024
1024
1036
1036
1036
1036
1036
1049
1049
1049
1049
1049
1049
1039
1039
1039
1039
1039
1044
1044
1044
1044
1044
1017
1017
1017
1017
1017
1017
1003
1003
1003
1003
1003
986
986
986
986
986
950
950
950
950
950
950
944
944
944
944
944
907
907
907
907
907
925
925
925
925
925
925
924
924
924
924
924
950
950
950
950
950
996
996
996
996
996
996
1005
1005
1005
1005
1005
1043
1043
1043
1043
1043
1091
1091
1091
1091
1091
1091
1095
1095
1095
1095
1095
1133
1133
1133
1133
1133
1123
1123
1123
1123
1123
1123
1081
1081
1081
1081
1081
1058
1058
1058
1058
1058
1027
1027
1027
1027
1027
1027
987
987
987
987
987
944
944
944
944
944
912
912
912
912
912
912
888
888
888
888
888
859
859
859
859
859
880
880
880
880
880
880
860
860
860
860
860
907
907
907
907
907
913
913
913
913
913
913
937
937
937
937
937
964
964
964
964
964
1002
1002
1002
1002
1002
1002
1024
1024
1024
1024
1024
1035
1035
1035
1035
1035
1031
1031
1031
1031
1031
1031
1008
1008
1008
1008
1008
981
981
981
981
981
962
962
962
962
962
962
950
950
950
950
950
921
921
921
921
921
907
907
907
907
907
907
918
918
918
918
918
905
905
905
905
905
924
924
924
924
924
924
970
970
970
970
970
972
972
972
972
972
976
976
976
976
976
976
993
993
993
993
993
972
972
972
972
972
962
962
962
962
962
962
942
942
942
942
942
932
932
932
932
932
932
932
932
932
932
932
933
933
933
933
933
938
938
938
938
938
945
945
945
945
945
945
954
954
954
954
954
990
990
990
990
990
980
980
980
980
980
980
1027
1027
1027
1027
1027
1031
1031
1031
1031
1031
1039
1039
1039
1039
1039
1039
1050
1050
1050
1050
1050
1020
1020
1020
1020
1020
1033
1033
1033
1033
1033
1033
1005
1005
1005
1005
1005
996
996
996
996
996
955
955
955
955
955
955
950
950
950
950
950
924
924
924
924
924
933
933
933
933
933
933
913
913
913
913
913
942
942
942
942
942
940
940
940
940
940
940
962
962
962
962
962
971
971
971
971
971
974
974
974
974
974
974
1004
1004
1004
1004
1004
996
996
996
996
996
987
987
987
987
987
987
981
981
981
981
981
965
965
965
965
965
955
955
955
955
955
955
955
955
955
955
955
932
932
932
932
932
971
971
971
971
971
971
991
991
991
991
991
1013
1013
1013
1013
1013
1012
1012
1012
1012
1012
1012
1008
1008
1008
1008
1008
1029
1029
1029
1029
1029
1026
1026
1026
1026
1026
1026
1015
1015
1015
1015
1015
1010
1010
1010
1010
1010
998
998
998
998
998
998
974
974
974
974
974
965
965
965
965
965
964
964
964
964
964
964
942
942
942
942
942
932
932
932
932
932
935
935
935
935
935
935
922
922
922
922
922
908
908
908
908
908
905
905
905
905
905
905
904
904
904
904
904
925
925
925
925
925
913
913
913
913
913
913
923
923
923
923
923
939
939
939
939
939
962
962
962
962
962
962
955
955
955
955
955
985
985
985
985
985
988
988
988
988
988
988
1018
1018
1018
1018
1018
1039
1039
1039
1039
1039
1045
1045
1045
1045
1045
1045
1055
1055
1055
1055
1055
1054
1054
1054
1054
1054
1037
1037
1037
1037
1037
1037
1027
1027
1027
1027
1027
1012
1012
1012
1012
1012
995
995
995
995
995
995
978
978
978
978
978
975
975
975
975
975
956
956
956
956
956
956
967
967
967
967
967
965
965
965
965
965
962
962
962
962
962
962
974
974
974
974
974
965
965
965
965
965
977
977
977
977
977
977
969
969
969
969
969
963
963
963
963
963
951
951
951
951
951
951
935
935
935
935
935
928
928
928
928
928
909
909
909
909
909
909
918
918
918
918
918
916
916
916
916
916
931
931
931
931
931
931
954
954
954
954
954
971
971
971
971
971
984
984
984
984
984
984
1013
1013
1013
1013
1013
1022
1022
1022
1022
1022
1019
1019
1019
1019
1019
1019
996
996
996
996
996
994
994
994
994
994
954
954
954
954
954
954
973
973
973
973
973
932
932
932
932
932
946
946
946
946
946
946
933
933
933
933
933
909
909
909
909
909
954
954
954
954
954
954
933
933
933
933
933
998
998
998
998
998
974
974
974
974
974
974
1041
1041
1041
1041
1041
1033
1033
1033
1033
1033
1034
1034
1034
1034
1034
1034
1044
1044
1044
1044
1044
995
995
995
995
995
971
971
971
971
971
971
983
983
983
983
983
961
961
961
961
961
926
926
926
926
926
926
953
953
953
953
953
948
948
948
948
948
967
967
967
967
967
967
988
988
988
988
988
959
959
959
959
959
967
967
967
967
967
967
971
971
971
971
971
979
979
979
979
979
962
962
962
962
962
962
956
956
956
956
956
978
978
978
978
978
966
966
966
966
966
966
975
975
975
975
975
983
983
983
983
983
994
994
994
994
994
994
990
990
990
990
990
1000
1000
1000
1000
1000
1000
1000
1000
1000
1000
1000
997
997
997
997
997
974
974
974
974
974
992
992
992
992
992
992
988
988
988
988
988
971
971
971
971
971
990
990
990
990
990
990
967
967
967
967
967
946
946
946
946
946
929
929
929
929
929
929
976
976
976
976
976
950
950
950
950
950
973
973
973
973
973
973
983
983
983
983
983
1028
1028
1028
1028
1028
1020
1020
1020
1020
1020
1020
1033
1033
1033
1033
1033
1047
1047
1047
1047
1047
978
978
978
978
978
978
1015
1015
1015
1015
1015
985
985
985
985
985
946
946
946
946
946
946
918
918
918
918
918
927
927
927
927
927
918
918
918
918
918
918
913
913
913
913
913
923
923
923
923
923
923
923
923
923
923
923
977
977
977
977
977
984
984
984
984
984
981
981
981
981
981
981
977
977
977
977
977
994
994
994
994
994
978
978
978
978
978
978
938
938
938
938
938
909
909
909
909
909
872
872
872
872
872
872
905
905
905
905
905
878
878
878
878
878
936
936
936
936
936
936
955
955
955
955
955
1008
1008
1008
1008
1008
1023
1023
1023
1023
1023
1023
1080
1080
1080
1080
1080
1100
1100
1100
1100
1100
1091
1091
1091
1091
1091
1091
1051
1051
1051
1051
1051
1032
1032
1032
1032
1032
996
996
996
996
996
996
934
934
934
934
934
940
940
940
940
940
925
925
925
925
925
925
894
894
894
894
894
929
929
929
929
929
948
948
948
948
948
948
1000
1000
1000
1000
1000
1009
1009
1009
1009
1009
1006
1006
1006
1006
1006
1006
1020
1020
1020
1020
1020
1034
1034
1034
1034
1034
1034
1034
1034
1034
1034
1034
1004
1004
1004
1004
1004
995
995
995
995
995
956
956
956
956
956
956
970
970
970
970
970
923
923
923
923
923
944
944
944
944
944
944
929
929
929
929
929
935
935
935
935
935
930
930
930
930
930
930
930
930
930
930
930
940
940
940
940
940
946
946
946
946
946
946
953
953
953
953
953
957
957
957
957
957
964
964
964
964
964
964
950
950
950
950
950
966
966
966
966
966
974
974
974
974
974
974
970
970
970
970
970
982
982
982
982
982
983
983
983
983
983
983
1002
1002
1002
1002
1002
998
998
998
998
998
1039
1039
1039
1039
1039
1039
1030
1030
1030
1030
1030
1013
1013
1013
1013
1013
985
985
985
985
985
985
971
971
971
971
971
966
966
966
966
966
921
921
921
921
921
921
908
908
908
908
908
901
901
901
901
901
902
902
902
902
902
902
897
897
897
897
897
941
941
941
941
941
950
950
950
950
950
950
968
968
968
968
968
1014
1014
1014
1014
1014
1012
1012
1012
1012
1012
1012
1044
1044
1044
1044
1044
1019
1019
1019
1019
1019
1003
1003
1003
1003
1003
1003
1014
1014
1014
1014
1014
991
991
991
991
991
981
981
981
981
981
981
983
983
983
983
983
958
958
958
958
958
955
955
955
955
955
955
967
967
967
967
967
960
960
960
960
960
970
970
970
970
970
970
965
965
965
965
965
976
976
976
976
976
967
967
967
967
967
967
952
952
952
952
952
963
963
963
963
963
937
937
937
937
937
937
954
954
954
954
954
944
944
944
944
944
965
965
965
965
965
965
979
979
979
979
979
965
965
965
965
965
986
986
986
986
986
986
992
992
992
992
992
967
967
967
967
967
976
976
976
976
976
976
969
969
969
969
969
967
967
967
967
967
971
971
971
971
971
971
956
956
956
956
956
995
995
995
995
995
985
985
985
985
985
985
977
977
977
977
977
1002
1002
1002
1002
1002
979
979
979
979
979
979
989
989
989
989
989
995
995
995
995
995
1007
1007
1007
1007
1007
1007
972
972
972
972
972
991
991
991
991
991
984
984
984
984
984
984
974
974
974
974
974
940
940
940
940
940
947
947
947
947
947
947
926
926
926
926
926
918
918
918
918
918
920
920
920
920
920
920
899
899
899
899
899
915
915
915
915
915
910
910
910
910
910
910
924
924
924
924
924
947
947
947
947
947
994
994
994
994
994
994
975
975
975
975
975
1023
1023
1023
1023
1023
1014
1014
1014
1014
1014
1014
1019
1019
1019
1019
1019
1011
1011
1011
1011
1011
1012
1012
1012
1012
1012
1012
1027
1027
1027
1027
1027
997
997
997
997
997
1020
1020
1020
1020
1020
1020
994
994
994
994
994
993
993
993
993
993
1010
1010
1010
1010
1010
1010
978
978
978
978
978
997
997
997
997
997
1000
1000
1000
1000
1000
1000
949
949
949
949
949
960
960
960
960
960
955
955
955
955
955
955
951
951
951
951
951
973
973
973
973
973
961
961
961
961
961
961
966
966
966
966
966
961
961
961
961
961
940
940
940
940
940
940
964
964
964
964
964
940
940
940
940
940
989
989
989
989
989
989
972
972
972
972
972
992
992
992
992
992
960
960
960
960
960
960
980
980
980
980
980
976
976
976
976
976
974
974
974
974
974
974
984
984
984
984
984
939
939
939
939
939
958
958
958
958
958
958
942
942
942
942
942
937
937
937
937
937
924
924
924
924
924
924
939
939
939
939
939
940
940
940
940
940
975
975
975
975
975
975
973
973
973
973
973
983
983
983
983
983
990
990
990
990
990
990
999
999
999
999
999
1009
1009
1009
1009
1009
989
989
989
989
989
989
1025
1025
1025
1025
1025
1001
1001
1001
1001
1001
987
987
987
987
987
987
980
980
980
980
980
986
986
986
986
986
961
961
961
961
961
961
950
950
950
950
950
992
992
992
992
992
949
949
949
949
949
949
963
963
963
963
963
977
977
977
977
977
968
968
968
968
968
968
958
958
958
958
958
946
946
946
946
946
960
960
960
960
960
960
937
937
937
937
937
931
931
931
931
931
915
915
915
915
915
915
935
935
935
935
935
946
946
946
946
946
970
970
970
970
970
970
943
943
943
943
943
1028
1028
1028
1028
1028
967
967
967
967
967
967
1025
1025
1025
1025
1025
1008
1008
1008
1008
1008
995
995
995
995
995
995
1004
1004
1004
1004
1004
951
951
951
951
951
946