932
932
932
932
932
943
943
943
943
943
942
942
942
942
942
942
934
934
934
934
934
949
949
949
949
949
929
929
929
929
929
929
940
940
940
940
940
932
932
932
932
932
927
927
927
927
927
927
948
948
948
948
948
940
940
940
940
940
931
931
931
931
931
931
931
931
931
931
931
936
936
936
936
936
934
934
934
934
934
934
938
938
938
938
938
942
942
942
942
942
933
933
933
933
933
933
936
936
936
936
936
935
935
935
935
935
938
938
938
938
938
938
925
925
925
925
925
949
949
949
949
949
938
938
938
938
938
938
941
941
941
941
941
928
928
928
928
928
934
934
934
934
934
934
937
937
937
937
937
932
932
932
932
932
946
946
946
946
946
946
936
936
936
936
936
939
939
939
939
939
935
935
935
935
935
935
935
935
935
935
935
936
936
936
936
936
948
948
948
948
948
948
943
943
943
943
943
931
931
931
931
931
947
947
947
947
947
947
930
930
930
930
930
943
943
943
943
943
938
938
938
938
938
938
939
939
939
939
939
945
945
945
945
945
935
935
935
935
935
935
930
930
930
930
930
939
939
939
939
939
936
936
936
936
936
936
934
934
934
934
934
937
937
937
937
937
941
941
941
941
941
941
929
929
929
929
929
931
931
931
931
931
935
935
935
935
935
935
940
940
940
940
940
934
934
934
934
934
928
928
928
928
928
928
944
944
944
944
944
940
940
940
940
940
944
944
944
944
944
944
940
940
940
940
940
937
937
937
937
937
937
937
937
937
937
937
933
933
933
933
933
934
934
934
934
934
937
937
937
937
937
937
922
922
922
922
922
940
940
940
940
940
932
932
932
932
932
932
934
934
934
934
934
943
943
943
943
943
938
938
938
938
938
938
942
942
942
942
942
939
939
939
939
939
933
933
933
933
933
933
943
943
943
943
943
934
934
934
934
934
933
933
933
933
933
933
942
942
942
942
942
925
925
925
925
925
933
933
933
933
933
933
933
933
933
933
933
942
942
942
942
942
944
944
944
944
944
944
945
945
945
945
945
948
948
948
948
948
943
943
943
943
943
943
947
947
947
947
947
938
938
938
938
938
942
942
942
942
942
942
929
929
929
929
929
940
940
940
940
940
942
942
942
942
942
942
942
942
942
942
942
938
938
938
938
938
942
942
942
942
942
942
947
947
947
947
947
934
934
934
934
934
931
931
931
931
931
931
924
924
924
924
924
942
942
942
942
942
936
936
936
936
936
936
932
932
932
932
932
944
944
944
944
944
933
933
933
933
933
933
933
933
933
933
933
932
932
932
932
932
933
933
933
933
933
933
933
933
933
933
933
937
937
937
937
937
934
934
934
934
934
934
931
931
931
931
931
940
940
940
940
940
931
931
931
931
931
931
942
942
942
942
942
938
938
938
938
938
941
941
941
941
941
941
934
934
934
934
934
934
934
934
934
934
936
936
936
936
936
936
938
938
938
938
938
930
930
930
930
930
935
935
935
935
935
935
931
931
931
931
931
943
943
943
943
943
936
936
936
936
936
936
942
942
942
942
942
930
930
930
930
930
934
934
934
934
934
934
948
948
948
948
948
938
938
938
938
938
931
931
931
931
931
931
929
929
929
929
929
939
939
939
939
939
943
943
943
943
943
943
938
938
938
938
938
953
953
953
953
953
931
931
931
931
931
931
943
943
943
943
943
944
944
944
944
944
934
934
934
934
934
934
938
938
938
938
938
941
941
941
941
941
938
938
938
938
938
938
924
924
924
924
924
938
938
938
938
938
924
924
924
924
924
924
931
931
931
931
931
938
938
938
938
938
925
925
925
925
925
925
929
929
929
929
929
937
937
937
937
937
931
931
931
931
931
931
932
932
932
932
932
940
940
940
940
940
935
935
935
935
935
935
939
939
939
939
939
934
934
934
934
934
932
932
932
932
932
932
940
940
940
940
940
935
935
935
935
935
936
936
936
936
936
936
950
950
950
950
950
939
939
939
939
939
936
936
936
936
936
936
937
937
937
937
937
938
938
938
938
938
934
934
934
934
934
934
937
937
937
937
937
942
942
942
942
942
934
934
934
934
934
934
939
939
939
939
939
939
939
939
939
939
935
935
935
935
935
935
927
927
927
927
927
934
934
934
934
934
942
942
942
942
942
942
922
922
922
922
922
941
941
941
941
941
925
925
925
925
925
925
937
937
937
937
937
938
938
938
938
938
930
930
930
930
930
930
933
933
933
933
933
934
934
934
934
934
938
938
938
938
938
938
938
938
938
938
938
944
944
944
944
944
937
937
937
937
937
937
932
932
932
932
932
940
940
940
940
940
926
926
926
926
926
926
940
940
940
940
940
933
933
933
933
933
938
938
938
938
938
938
931
931
931
931
931
936
936
936
936
936
933
933
933
933
933
933
932
932
932
932
932
935
935
935
935
935
950
950
950
950
950
950
940
940
940
940
940
939
939
939
939
939
936
936
936
936
936
936
935
935
935
935
935
939
939
939
939
939
930
930
930
930
930
930
937
937
937
937
937
935
935
935
935
935
935
935
935
935
935
935
930
930
930
930
930
932
932
932
932
932
933
933
933
933
933
933
942
942
942
942
942
940
940
940
940
940
933
933
933
933
933
933
931
931
931
931
931
938
938
938
938
938
929
929
929
929
929
929
937
937
937
937
937
936
936
936
936
936
939
939
939
939
939
939
936
936
936
936
936
937
937
937
937
937
935
935
935
935
935
935
943
943
943
943
943
939
939
939
939
939
941
941
941
941
941
941
939
939
939
939
939
937
937
937
937
937
943
943
943
943
943
943
941
941
941
941
941
930
930
930
930
930
930
930
930
930
930
930
938
938
938
938
938
950
950
950
950
950
927
927
927
927
927
927
929
929
929
929
929
934
934
934
934
934
933
933
933
933
933
933
931
931
931
931
931
936
936
936
936
936
931
931
931
931
931
931
937
937
937
937
937
926
926
926
926
926
934
934
934
934
934
934
929
929
929
929
929
941
941
941
941
941
932
932
932
932
932
932
943
943
943
943
943
935
935
935
935
935
940
940
940
940
940
940
925
925
925
925
925
930
930
930
930
930
941
941
941
941
941
941
932
932
932
932
932
936
936
936
936
936
937
937
937
937
937
937
934
934
934
934
934
928
928
928
928
928
927
927
927
927
927
927
935
935
935
935
935
938
938
938
938
938
937
937
937
937
937
937
937
937
937
937
937
932
932
932
932
932
939
939
939
939
939
939
942
942
942
942
942
935
935
935
935
935
938
938
938
938
938
938
934
934
934
934
934
929
929
929
929
929
932
932
932
932
932
932
937
937
937
937
937
933
933
933
933
933
933
933
933
933
933
933
928
928
928
928
928
931
931
931
931
931
940
940
940
940
940
940
929
929
929
929
929
932
932
932
932
932
935
935
935
935
935
935
928
928
928
928
928
933
933
933
933
933
936
936
936
936
936
936
934
934
934
934
934
930
930
930
930
930
936
936
936
936
936
936
939
939
939
939
939
941
941
941
941
941
929
929
929
929
929
929
936
936
936
936
936
938
938
938
938
938
927
927
927
927
927
927
938
938
938
938
938
940
940
940
940
940
938
938
938
938
938
938
931
931
931
931
931
931
931
931
931
931
934
934
934
934
934
934
936
936
936
936
936
936
936
936
936
936
934
934
934
934
934
934
934
934
934
934
934
933
933
933
933
933
931
931
931
931
931
931
945
945
945
945
945
935
935
935
935
935
935
935
935
935
935
935
930
930
930
930
930
936
936
936
936
936
936
936
936
936
936
936
934
934
934
934
934
937
937
937
937
937
934
934
934
934
934
934
933
933
933
933
933
934
934
934
934
934
938
938
938
938
938
938
932
932
932
932
932
935
935
935
935
935
939
939
939
939
939
939
932
932
932
932
932
930
930
930
930
930
934
934
934
934
934
934
931
931
931
931
931
936
936
936
936
936
933
933
933
933
933
933
936
936
936
936
936
939
939
939
939
939
928
928
928
928
928
928
932
932
932
932
932
933
933
933
933
933
934
934
934
934
934
934
934
934
934
934
934
938
938
938
938
938
936
936
936
936
936
936
941
941
941
941
941
938
938
938
938
938
930
930
930
930
930
930
935
935
935
935
935
927
927
927
927
927
936
936
936
936
936
936
926
926
926
926
926
924
924
924
924
924
927
927
927
927
927
927
941
941
941
941
941
934
934
934
934
934
927
927
927
927
927
927
935
935
935
935
935
934
934
934
934
934
928
928
928
928
928
928
933
933
933
933
933
937
937
937
937
937
943
943
943
943
943
943
921
921
921
921
921
936
936
936
936
936
935
935
935
935
935
935
930
930
930
930
930
939
939
939
939
939
931
931
931
931
931
931
932
932
932
932
932
936
936
936
936
936
936
936
936
936
936
936
939
939
939
939
939
930
930
930
930
930
934
934
934
934
934
934
925
925
925
925
925
935
935
935
935
935
929
929
929
929
929
929
940
940
940
940
940
940
940
940
940
940
923
923
923
923
923
923
934
934
934
934
934
931
931
931
931
931
932
932
932
932
932
932
935
935
935
935
935
935
935
935
935
935
936
936
936
936
936
936
926
926
926
926
926
935
935
935
935
935
934
934
934
934
934
934
931
931
931
931
931
929
929
929
929
929
935
935
935
935
935
935
932
932
932
932
932
936
936
936
936
936
932
932
932
932
932
932
931
931
931
931
931
931
931
931
931
931
937
937
937
937
937
937
930
930
930
930
930
932
932
932
932
932
936
936
936
936
936
936
930
930
930
930
930
945
945
945
945
945
926
926
926
926
926
926
919
919
919
919
919
938
938
938
938
938
935
935
935
935
935
935
932
932
932
932
932
933
933
933
933
933
928
928
928
928
928
928
926
926
926
926
926
928
928
928
928
928
929
929
929
929
929
929
929
929
929
929
929
927
927
927
927
927
942
942
942
942
942
942
935
935
935
935
935
939
939
939
939
939
933
933
933
933
933
933
917
917
917
917
917
924
924
924
924
924
920
920
920
920
920
920
936
936
936
936
936
927
927
927
927
927
949
949
949
949
949
949
927
927
927
927
930
930
930
930
930
932
932
932
932
932
932
930
930
930
930
930
942
942
942
942
942
932
932
932
932
932
932
921
921
921
921
921
934
934
934
934
934
930
930
930
930
930
930
936
936
936
936
936
932
932
932
932
932
924
924
924
924
924
924
926
926
926
926
926
934
934
934
934
934
934
934
934
934
934
934
939
939
939
939
939
937
937
937
937
937
928
928
928
928
928
928
939
939
939
939
939
929
929
929
929
929
937
937
937
937
937
937
918
918
918
918
918
939
939
939
939
939
923
923
923
923
923
923
934
934
934
934
934
934
934
934
934
934
938
938
938
938
938
938
930
930
930
930
930
935
935
935
935
935
927
927
927
927
927
927
938
938
938
938
938
936
936
936
936
936
945
945
945
945
945
945
931
931
931
931
931
936
936
936
936
936
937
937
937
937
937
937
937
937
937
937
937
936
936
936
936
936
937
937
937
937
937
937
940
940
940
940
940
924
924
924
924
924
935
935
935
935
935
935
934
934
934
934
934
922
922
922
922
922
936
936
936
936
936
936
928
928
928
928
928
940
940
940
940
940
941
941
941
941
941
941
932
932
932
932
932
939
939
939
939
939
946
946
946
946
946
946
927
927
927
927
927
932
932
932
932
932
934
934
934
934
934
934
933
933
933
933
933
934
934
934
934
934
937
937
937
937
937
937
930
930
930
930
930
940
940
940
940
940
937
937
937
937
937
937
936
936
936
936
936
944
944
944
944
944
935
935
935
935
935
935
938
938
938
938
938
932
932
932
932
932
936
936
936
936
936
936
934
934
934
934
934
936
936
936
936
936
942
942
942
942
942
942
940
940
940
940
940
939
939
939
939
939
943
943
943
943
943
943
936
936
936
936
936
937
937
937
937
937
934
934
934
934
934
934
929
929
929
929
929
928
928
928
928
928
937
937
937
937
937
937
935
935
935
935
935
940
940
940
940
940
937
937
937
937
937
937
937
937
937
937
937
937
937
937
937
937
928
928
928
928
928
928
941
941
941
941
941
936
936
936
936
936
945
945
945
945
945
945
928
928
928
928
928
937
937
937
937
937
937
937
937
937
937
937
939
939
939
939
939
943
943
943
943
943
934
934
934
934
934
934
944
944
944
944
944
936
936
936
936
936
937
937
937
937
937
937
934
934
934
934
934
932
932
932
932
932
936
936
936
936
936
936
939
939
939
939
939
928
928
928
928
928
938
938
938
938
938
938
940
940
940
940
940
929
929
929
929
929
938
938
938
938
938
938
945
945
945
945
945
930
930
930
930
930
937
937
937
937
937
937
930
930
930
930
930
934
934
934
934
934
931
931
931
931
931
931
942
942
942
942
942
929
929
929
929
929
930
930
930
930
930
930
940
940
940
940
940
944
944
944
944
944
941
941
941
941
941
941
942
942
942
942
942
944
944
944
944
944
932
932
932
932
932
932
940
940
940
940
940
934
934
934
934
934
935
935
935
935
935
935
939
939
939
939
939
933
933
933
933
933
933
933
933
933
933
933
934
934
934
934
934
925
925
925
925
925
947
947
947
947
947
947
933
933
933
933
933
933
933
933
933
933
936
936
936
936
936
936
936
936
936
936
936
941
941
941
941
941
938
938
938
938
938
938
944
944
944
944
944
938
938
938
938
938
944
944
944
944
944
944
936
936
936
936
936
934
934
934
934
934
931
931
931
931
931
931
934
934
934
934
934
935
935
935
935
935
941
941
941
941
941
941
936
936
936
936
936
938
938
938
938
938
939
939
939
939
939
939
934
934
934
934
934
943
943
943
943
943
936
936
936
936
936
936
937
937
937
937
937
936
936
936
936
936
927
927
927
927
927
927
934
934
934
934
934
931
931
931
931
931
930
930
930
930
930
930
934
934
934
934
934
931
931
931
931
931
939
939
939
939
939
939
941
941
941
941
941
932
932
932
932
932
934
934
934
934
934
934
938
938
938
938
938
931
931
931
931
931
930
930
930
930
930
930
935
935
935
935
935
924
924
924
924
924
928
928
928
928
928
928
936
936
936
936
936
925
925
925
925
925
936
936
936
936
936
936
933
933
933
933
933
934
934
934
934
934
931
931
931
931
931
931
943
943
943
943
943
932
932
932
932
932
935
935
935
935
935
935
942
942
942
942
942
935
935
935
935
935
942
942
942
942
942
942
931
931
931
931
931
930
930
930
930
930
927
927
927
927
927
927
930
930
930
930
930
935
935
935
935
935
934
934
934
934
934
934
932
932
932
932
932
930
930
930
930
930
932
932
932
932
932
932
934
934
934
934
934
937
937
937
937
937
935
935
935
935
935
935
928
928
928
928
928
930
930
930
930
930
930
930
930
930
930
930
931
931
931
931
931
934
934
934
934
934
929
929
929
929
929
929
937
937
937
937
937
939
939
939
939
939
930
930
930
930
930
930
935
935
935
935
935
925
925
925
925
925
931
931
931
931
931
931
928
928
928
928
928
933
933
933
933
933
930
930
930
930
930
930
932
932
932
932
932
936
936
936
936
936
935
935
935
935
935
935
937
937
937
937
937
931
931
931
931
931
924
924
924
924
924
924
931
931
931
931
931
930
930
930
930
930
933
933
933
933
933
933
932
932
932
932
932
932
932
932
932
932
938
938
938
938
938
938
934
934
934
934
934
930
930
930
930
930
928
928
928
928
928
928
927
927
927
927
927
928
928
928
928
928
928
928
928
928
928
928
932
932
932
932
932
930
930
930
930
930
938
938
938
938
938
938
929
929
929
929
929
928
928
928
928
928
935
935
935
935
935
935
934
934
934
934
934
931
931
931
931
931
929
929
929
929
929
929
927
927
927
927
927
929
929
929
929
929
930
930
930
930
930
930
934
934
934
934
934
927
927
927
927
927
934
934
934
934
934
934
927
927
927
927
927
927
927
927
927
927
935
935
935
935
935
935
936
936
936
936
936
932
932
932
932
932
926
926
926
926
926
926
928
928
928
928
928
932
932
932
932
932
930
930
930
930
930
930
930
930
930
930
930
928
928
928
928
928
939
939
939
939
939
939
935
935
935
935
935
928
928
928
928
928
924
924
924
924
924
924
924
924
924
924
924
935
935
935
935
935
934
934
934
934
934
934
928
928
928
928
928
928
928
928
928
928
923
923
923
923
923
923
932
932
932
932
932
932
932
932
932
932
934
934
934
934
934
934
932
932
932
932
932
940
940
940
940
940
926
926
926
926
926
926
925
925
925
925
925
934
934
934
934
934
930
930
930
930
930
930
931
931
931
931
931
919
919
919
919
919
930
930
930
930
930
930
922
922
922
922
922
922
922
922
922
922
922
922
922
922
922
922
926
926
926
926
926
923
923
923
923
923
927
927
927
927
927
927
931
931
931
931
931
930
930
930
930
930
936
936
936
936
936
936
932
932
932
932
932
926
926
926
926
926
931
931
931
931
931
931
929
929
929
929
929
924
924
924
924
924
937
937
937
937
937
937
931
931
931
931
931
937
937
937
937
937
928
928
928
928
928
928
923
923
923
923
923
935
935
935
935
935
936
936
936
936
936
936
923
923
923
923
923
927
927
927
927
927
931
931
931
931
931
931
926
926
926
926
926
934
934
934
934
934
933
933
933
933
933
933
937
937
937
937
937
916
916
916
916
916
929
929
929
929
929
929
929
929
929
929
929
922
922
922
922
922
940
940
940
940
940
940
928
928
928
928
928
946
946
946
946
946
930
930
930
930
930
930
930
930
930
930
930
927
927
927
927
927
940
940
940
940
940
940
923
923
923
923
923
927
927
927
927
927
929
929
929
929
929
929
937
937
937
937
937
943
943
943
943
943
921
921
921
921
921
921
943
943
943
943
943
944
944
944
944
944
920
920
920
920
920
920
886
886
886
886
886
828
828
828
828
828
771
771
771
771
771
771
717
717
717
717
717
708
708
708
708
708
744
744
744
744
744
744
813
813
813
813
813
903
903
903
903
903
1017
1017
1017
1017
1017
1017
1119
1119
1119
1119
1119
1204
1204
1204
1204
1204
1217
1217
1217
1217
1217
1217
1217
1217
1217
1217
1217
1221
1221
1221
1221
1221
1211
1211
1211
1211
1211
1211
1215
1215
1215
1215
1215
1151
1151
1151
1151
1151
1065
1065
1065
1065
1065
1065
926
926
926
926
926
794
794
794
794
794
657
657
657
657
657
657
534
534
534
534
534
430
430
430
430
430
378
378
378
378
378
378
388
388
388
388
388
479
479
479
479
479
684
684
684
684
684
684
937
937
937
937
937
1238
1238
1238
1238
1238
1509
1509
1509
1509
1509
1509
1704
1704
1704
1704
1704
1788
1788
1788
1788
1788
1708
1708
1708
1708
1708
1708
1539
1539
1539
1539
1539
1236
1236
1236
1236
1236
921
921
921
921
921
921
634
634
634
634
634
464
464
464
464
464
391
391
391
391
391
391
404
404
404
404
404
502
502
502
502
502
679
679
679
679
679
679
918
918
918
918
918
1163
1163
1163
1163
1163
1369
1369
1369
1369
1369
1369
1476
1476
1476
1476
1476
1493
1493
1493
1493
1493
1413
1413
1413
1413
1413
1413
1273
1273
1273
1273
1273
1077
1077
1077
1077
1077
826
826
826
826
826
826
591
591
591
591
591
397
397
397
397
397
272
272
272
272
272
272
232
232
232
232
232
247
247
247
247
247
367
367
367
367
367
367
645
645
645
645
645
1073
1073
1073
1073
1073
1509
1509
1509
1509
1509
1509
1873
1873
1873
1873
1873
2084
2084
2084
2084
2084
2050
2050
2050
2050
2050
2050
1795
1795
1795
1795
1795
1382
1382
1382
1382
1382
904
904
904
904
904
904
526
526
526
526
526
343
343
343
343
343
292
292
292
292
292
292
347
347
347
347
347
483
483
483
483
483
689
689
689
689
689
689
923
923
923
923
923
1106
1106
1106
1106
1106
1236
1236
1236
1236
1236
1236
1298
1298
1298
1298
1298
1294
1294
1294
1294
1294
1263
1263
1263
1263
1263
1263
1196
1196
1196
1196
1196
1142
1142
1142
1142
1142
1088
1088
1088
1088
1088
1088
1045
1045
1045
1045
1045
1010
1010
1010
1010
1010
1009
1009
1009
1009
1009
1009
1009
1009
1009
1009
1009
1007
1007
1007
1007
1007
982
982
982
982
982
982
948
948
948
948
948
885
885
885
885
885
816
816
816
816
816
816
763
763
763
763
763
721
721
721
721
721
653
653
653
653
653
653
596
596
596
596
596
550
550
550
550
550
527
527
527
527
527
527
531
531
531
531
531
546
546
546
546
546
626
626
626
626
626
626
734
734
734
734
734
887
887
887
887
887
1041
1041
1041
1041
1041
1041
1133
1133
1133
1133
1133
1204
1204
1204
1204
1204
1228
1228
1228
1228
1228
1228
1240
1240
1240
1240
1240
1215
1215
1215
1215
1215
1175
1175
1175
1175
1175
1175
1120
1120
1120
1120
1120
1083
1083
1083
1083
1083
1066
1066
1066
1066
1066
1066
1034
1034
1034
1034
1034
1057
1057
1057
1057
1057
1067
1067
1067
1067
1067
1067
1106
1106
1106
1106
1106
1128
1128
1128
1128
1128
1118
1118
1118
1118
1118
1118
1117
1117
1117
1117
1117
1088
1088
1088
1088
1088
1038
1038
1038
1038
1038
1038
971
971
971
971
971
877
877
877
877
877
768
768
768
768
768
768
712
712
712
712
712
682
682
682
682
682
706
706
706
706
706
706
774
774
774
774
774
860
860
860
860
860
956
956
956
956
956
956
1026
1026
1026
1026
1026
1067
1067
1067
1067
1067
1070
1070
1070
1070
1070
1070
1025
1025
1025
1025
1025
916
916
916
916
916
796
796
796
796
796
796
678
678
678
678
678
621
621
621
621
621
603
603
603
603
603
603
649
649
649
649
649
723
723
723
723
723
828
828
828
828
828
828
928
928
928
928
928
1045
1045
1045
1045
1045
1118
1118
1118
1118
1118
1118
1158
1158
1158
1158
1158
1169
1169
1169
1169
1169
1190
1190
1190
1190
1190
1190
1186
1186
1186
1186
1186
1144
1144
1144
1144
1144
1123
1123
1123
1123
1123
1123
1052
1052
1052
1052
1052
999
999
999
999
999
902
902
902
902
902
902
819
819
819
819
819
746
746
746
746
746
717
717
717
717
717
717
738
738
738
738
738
834
834
834
834
834
975
975
975
975
975
975
1142
1142
1142
1142
1142
1312
1312
1312
1312
1312
1408
1408
1408
1408
1408
1408
1426
1426
1426
1426
1426
1341
1341
1341
1341
1341
1174
1174
1174
1174
1174
1174
996
996
996
996
996
829
829
829
829
829
686
686
686
686
686
686
581
581
581
581
581
519
519
519
519
519
494
494
494
494
494
494
532
532
532
532
532
610
610
610
610
610
714
714
714
714
714
714
819
819
819
819
819
936
936
936
936
936
1040
1040
1040
1040
1040
1040
1091
1091
1091
1091
1091
1131
1131
1131
1131
1131
1086
1086
1086
1086
1086
1086
1047
1047
1047
1047
1047
986
986
986
986
986
945
945
945
945
945
945
903
903
903
903
903
931
931
931
931
931
938
938
938
938
938
938
976
976
976
976
976
1007
1007
1007
1007
1007
1012
1012
1012
1012
1012
1012
1034
1034
1034
1034
1034
1018
1018
1018
1018
1018
1040
1040
1040
1040
1040
1040
1055
1055
1055
1055
1055
1068
1068
1068
1068
1068
1049
1049
1049
1049
1049
1049
1030
1030
1030
1030
1030
988
988
988
988
988
953
953
953
953
953
953
909
909
909
909
909
872