945
939
939
939
939
939
946
946
946
946
946
939
939
939
939
939
939
938
938
938
938
938
945
945
945
945
945
942
942
942
942
942
942
945
945
945
945
945
936
936
936
936
936
944
944
944
944
944
944
941
941
941
941
941
941
941
941
941
941
942
942
942
942
942
942
931
931
931
931
931
945
945
945
945
945
930
930
930
930
930
930
933
933
933
933
933
940
940
940
940
940
939
939
939
939
939
939
936
936
936
936
936
942
942
942
942
942
937
937
937
937
937
937
948
948
948
948
948
937
937
937
937
937
931
931
931
931
931
931
942
942
942
942
942
944
944
944
944
944
936
936
936
936
936
936
938
938
938
938
938
943
943
943
943
943
935
935
935
935
935
935
936
936
936
936
936
938
938
938
938
938
938
938
938
938
938
938
943
943
943
943
943
933
933
933
933
933
951
951
951
951
951
951
932
932
932
932
932
938
938
938
938
938
930
930
930
930
930
930
929
929
929
929
929
930
930
930
930
930
933
933
933
933
933
933
932
932
932
932
932
940
940
940
940
940
928
928
928
928
928
928
943
943
943
943
943
934
934
934
934
934
938
938
938
938
938
938
941
941
941
941
941
938
938
938
938
938
939
939
939
939
939
939
935
935
935
935
935
933
933
933
933
933
932
932
932
932
932
932
936
936
936
936
936
928
928
928
928
928
933
933
933
933
933
933
933
933
933
933
933
930
930
930
930
930
933
933
933
933
933
933
941
941
941
941
941
928
928
928
928
928
933
933
933
933
933
933
935
935
935
935
935
935
935
935
935
935
929
929
929
929
929
929
936
936
936
936
936
935
935
935
935
935
926
926
926
926
926
926
933
933
933
933
933
932
932
932
932
932
934
934
934
934
934
934
928
928
928
928
928
940
940
940
940
940
930
930
930
930
930
930
933
933
933
933
933
930
930
930
930
930
929
929
929
929
929
929
936
936
936
936
936
927
927
927
927
927
931
931
931
931
931
931
932
932
932
932
932
930
930
930
930
930
931
931
931
931
931
931
931
931
931
931
931
922
922
922
922
922
935
935
935
935
935
935
932
932
932
932
932
936
936
936
936
936
933
933
933
933
933
933
929
929
929
929
929
930
930
930
930
930
930
930
930
930
930
930
922
922
922
922
922
938
938
938
938
938
923
923
923
923
923
923
929
929
929
929
929
939
939
939
939
939
932
932
932
932
932
932
930
930
930
930
930
928
928
928
928
928
934
934
934
934
934
934
940
940
940
940
940
931
931
931
931
931
930
930
930
930
930
930
927
927
927
927
927
931
931
931
931
931
921
921
921
921
921
921
931
931
931
931
931
930
930
930
930
930
935
935
935
935
935
935
935
935
935
935
935
929
929
929
929
929
929
929
929
929
929
929
931
931
931
931
931
934
934
934
934
934
932
932
932
932
932
932
927
927
927
927
927
936
936
936
936
936
936
936
936
936
936
936
931
931
931
931
931
934
934
934
934
934
929
929
929
929
929
929
942
942
942
942
942
937
937
937
937
937
926
926
926
926
926
926
932
932
932
932
932
922
922
922
922
922
928
928
928
928
928
928
933
933
933
933
933
928
928
928
928
928
936
936
936
936
936
936
927
927
927
927
927
928
928
928
928
928
932
932
932
932
932
932
931
931
931
931
931
934
934
934
934
934
938
938
938
938
938
938
928
928
928
928
928
935
935
935
935
935
923
923
923
923
923
923
931
931
931
931
931
930
930
930
930
930
930
930
930
930
930
930
935
935
935
935
935
933
933
933
933
933
926
926
926
926
926
926
936
936
936
936
936
932
932
932
932
932
935
935
935
935
935
935
941
941
941
941
941
932
932
932
932
932
931
931
931
931
931
931
937
937
937
937
937
941
941
941
941
941
941
941
941
941
941
941
925
925
925
925
925
936
936
936
936
936
932
932
932
932
932
932
936
936
936
936
936
931
931
931
931
931
938
938
938
938
938
938
932
932
932
932
932
943
943
943
943
943
939
939
939
939
939
939
934
934
934
934
934
939
939
939
939
939
936
936
936
936
936
936
932
932
932
932
932
929
929
929
929
929
945
945
945
945
945
945
937
937
937
937
937
937
937
937
937
937
942
942
942
942
942
942
933
933
933
933
933
939
939
939
939
939
935
935
935
935
935
935
940
940
940
940
940
938
938
938
938
938
943
943
943
943
943
943
939
939
939
939
939
945
945
945
945
945
932
932
932
932
932
932
936
936
936
936
936
938
938
938
938
938
938
938
938
938
938
938
945
945
945
945
945
938
938
938
938
938
937
937
937
937
937
937
941
941
941
941
941
941
941
941
941
941
935
935
935
935
935
935
944
944
944
944
944
930
930
930
930
930
944
944
944
944
944
944
940
940
940
940
940
935
935
935
935
935
948
948
948
948
948
948
937
937
937
937
937
947
947
947
947
947
941
941
941
941
941
941
939
939
939
939
939
940
940
940
940
940
936
936
936
936
936
936
930
930
930
930
930
943
943
943
943
943
940
940
940
940
940
940
944
944
944
944
944
936
936
936
936
936
932
932
932
932
932
932
935
935
935
935
935
938
938
938
938
938
949
949
949
949
949
949
939
939
939
939
939
944
944
944
944
944
943
943
943
943
943
943
943
943
943
943
943
941
941
941
941
941
942
942
942
942
942
942
946
946
946
946
946
945
945
945
945
945
937
937
937
937
937
937
933
933
933
933
933
938
938
938
938
938
934
934
934
934
934
934
946
946
946
946
946
940
940
940
940
940
931
931
931
931
931
931
948
948
948
948
948
934
934
934
934
934
948
948
948
948
948
948
940
940
940
940
940
934
934
934
934
934
933
933
933
933
933
933
941
941
941
941
941
937
937
937
937
937
938
938
938
938
938
938
929
929
929
929
929
941
941
941
941
941
937
937
937
937
937
937
936
936
936
936
936
943
943
943
943
943
929
929
929
929
929
929
944
944
944
944
944
919
919
919
919
919
942
942
942
942
942
942
938
938
938
938
938
935
935
935
935
935
937
937
937
937
937
937
932
932
932
932
932
931
931
931
931
931
935
935
935
935
935
935
929
929
929
929
929
945
945
945
945
945
930
930
930
930
930
930
927
927
927
927
927
941
941
941
941
941
928
928
928
928
928
928
928
928
928
928
928
949
949
949
949
949
932
932
932
932
932
932
943
943
943
943
943
928
928
928
928
928
939
939
939
939
939
939
940
940
940
940
940
935
935
935
935
935
926
926
926
926
926
926
930
930
930
930
930
933
933
933
933
933
934
934
934
934
934
934
932
932
932
932
932
932
932
932
932
932
931
931
931
931
931
931
931
931
931
931
931
939
939
939
939
939
930
930
930
930
930
930
930
930
930
930
930
938
938
938
938
938
928
928
928
928
928
928
934
934
934
934
934
930
930
930
930
930
927
927
927
927
927
927
939
939
939
939
939
926
926
926
926
926
926
926
926
926
926
926
922
922
922
922
922
938
938
938
938
938
929
929
929
929
929
929
930
930
930
930
930
928
928
928
928
928
936
936
936
936
936
936
936
936
936
936
936
932
932
932
932
932
926
926
926
926
926
926
928
928
928
928
928
932
932
932
932
932
930
930
930
930
930
930
927
927
927
927
927
935
935
935
935
935
931
931
931
931
931
931
933
933
933
933
933
924
924
924
924
924
933
933
933
933
933
933
931
931
931
931
931
940
940
940
940
940
928
928
928
928
928
928
937
937
937
937
937
920
920
920
920
920
944
944
944
944
944
944
933
933
933
933
933
933
933
933
933
933
932
932
932
932
932
932
922
922
922
922
922
934
934
934
934
934
934
934
934
934
934
934
931
931
931
931
931
936
936
936
936
936
931
931
931
931
931
931
930
930
930
930
930
924
924
924
924
924
940
940
940
940
940
940
931
931
931
931
931
938
938
938
938
938
937
937
937
937
937
937
928
928
928
928
928
931
931
931
931
931
942
942
942
942
942
942
934
934
934
934
934
935
935
935
935
935
940
940
940
940
940
940
925
925
925
925
925
946
946
946
946
946
931
931
931
931
931
931
943
943
943
943
943
930
930
930
930
930
944
944
944
944
944
944
935
935
935
935
935
934
934
934
934
934
935
935
935
935
935
935
937
937
937
937
937
929
929
929
929
929
940
940
940
940
940
940
935
935
935
935
935
936
936
936
936
936
930
930
930
930
930
930
938
938
938
938
938
933
933
933
933
933
931
931
931
931
931
931
927
927
927
927
927
931
931
931
931
931
925
925
925
925
925
925
930
930
930
930
930
936
936
936
936
936
932
932
932
932
932
932
927
927
927
927
927
923
923
923
923
923
927
927
927
927
927
927
927
927
927
927
927
926
926
926
926
926
928
928
928
928
928
928
925
925
925
925
925
934
934
934
934
934
931
931
931
931
931
931
915
915
915
915
915
933
933
933
933
933
922
922
922
922
922
922
935
935
935
935
935
933
933
933
933
933
937
937
937
937
937
937
931
931
931
931
931
929
929
929
929
929
925
925
925
925
925
925
926
926
926
926
926
928
928
928
928
928
932
932
932
932
932
932
934
934
934
934
934
931
931
931
931
931
934
934
934
934
934
934
925
925
925
925
925
928
928
928
928
928
934
934
934
934
934
934
928
928
928
928
928
939
939
939
939
939
936
936
936
936
936
936
925
925
925
925
925
940
940
940
940
940
930
930
930
930
930
930
938
938
938
938
938
931
931
931
931
931
939
939
939
939
939
939
933
933
933
933
933
931
931
931
931
931
933
933
933
933
933
933
928
928
928
928
928
937
937
937
937
937
929
929
929
929
929
929
931
931
931
931
931
929
929
929
929
929
927
927
927
927
927
927
934
934
934
934
934
935
935
935
935
935
930
930
930
930
930
930
930
930
930
930
930
933
933
933
933
933
925
925
925
925
925
925
928
928
928
928
928
938
938
938
938
938
936
936
936
936
936
936
927
927
927
927
927
933
933
933
933
933
927
927
927
927
927
927
935
935
935
935
935
925
925
925
925
925
933
933
933
933
933
933
934
934
934
934
934
935
935
935
935
935
929
929
929
929
929
929
933
933
933
933
933
940
940
940
940
940
935
935
935
935
935
935
933
933
933
933
933
931
931
931
931
931
936
936
936
936
936
936
932
932
932
932
932
930
930
930
930
930
933
933
933
933
933
933
932
932
932
932
932
942
942
942
942
942
925
925
925
925
925
925
935
935
935
935
935
929
929
929
929
929
930
930
930
930
930
930
931
931
931
931
931
927
927
927
927
927
930
930
930
930
930
930
936
936
936
936
936
927
927
927
927
927
930
930
930
930
930
930
934
934
934
934
934
935
935
935
935
935
931
931
931
931
931
931
933
933
933
933
933
930
930
930
930
930
926
926
926
926
926
926
929
929
929
929
929
937
937
937
937
937
924
924
924
924
924
924
933
933
933
933
933
916
916
916
916
916
925
925
925
925
925
925
922
922
922
922
922
936
936
936
936
936
932
932
932
932
932
932
924
924
924
924
924
932
932
932
932
932
933
933
933
933
933
933
927
927
927
927
927
933
933
933
933
933
923
923
923
923
923
923
934
934
934
934
934
928
928
928
928
928
931
931
931
931
931
931
928
928
928
928
928
928
928
928
928
928
922
922
922
922
922
922
929
929
929
929
929
925
925
925
925
925
929
929
929
929
929
929
935
935
935
935
935
927
927
927
927
927
941
941
941
941
941
941
928
928
928
928
928
929
929
929
929
929
927
927
927
927
927
932
932
932
932
932
932
924
924
924
924
924
936
936
936
936
936
936
936
936
936
936
936
931
931
931
931
931
933
933
933
933
933
933
938
938
938
938
938
928
928
928
928
928
940
940
940
940
940
933
933
933
933
933
933
934
934
934
934
934
939
939
939
939
939
936
936
936
936
936
936
933
933
933
933
933
927
927
927
927
927
927
939
939
939
939
939
937
937
937
937
937
941
941
941
941
941
935
935
935
935
935
935
941
941
941
941
941
935
935
935
935
935
941
941
941
941
941
941
936
936
936
936
936
944
944
944
944
944
944
940
940
940
940
940
931
931
931
931
931
944
944
944
944
944
936
936
936
936
936
936
947
947
947
947
947
939
939
939
939
939
950
950
950
950
950
950
932
932
932
932
932
946
946
946
946
946
946
932
932
932
932
932
945
945
945
945
945
946
946
946
946
946
946
946
946
946
946
946
943
943
943
943
943
944
944
944
944
944
946
946
946
946
946
946
946
946
946
946
946
943
943
943
943
943
943
943
943
943
943
943
957
957
957
957
957
950
950
950
950
950
945
945
945
945
945
945
949
949
949
949
949
940
940
940
940
940
950
950
950
950
950
950
933
933
933
933
933
948
948
948
948
948
948
938
938
938
938
938
959
959
959
959
959
931
931
931
931
931
943
943
943
943
943
943
946
946
946
946
946
950
950
950
950
950
946
946
946
946
946
946
942
942
942
942
942
949
949
949
949
949
949
937
937
937
937
937
943
943
943
943
943
945
945
945
945
945
941
941
941
941
941
941
954
954
954
954
954
940
940
940
940
940
948
948
948
948
948
948
943
943
943
943
943
943
943
943
943
943
943
940
940
940
940
940
947
947
947
947
947
930
930
930
930
930
937
937
937
937
937
937
950
950
950
950
950
942
942
942
942
942
945
945
945
945
945
945
938
938
938
938
938
928
928
928
928
928
928
939
939
939
939
939
938
938
938
938
938
936
936
936
936
936
932
932
932
932
932
932
946
946
946
946
946
932
932
932
932
932
935
935
935
935
935
935
940
940
940
940
940
935
935
935
935
935
935
942
942
942
942
942
935
935
935
935
935
939
939
939
939
939
949
949
949
949
949
949
933
933
933
933
933
933
933
933
933
933
933
933
933
933
933
933
924
924
924
924
924
944
944
944
944
944
944
937
937
937
937
937
944
944
944
944
944
931
931
931
931
931
935
935
935
935
935
935
940
940
940
940
940
937
937
937
937
937
934
934
934
934
934
934
944
944
944
944
944
932
932
932
932
932
932
932
932
932
932
932
942
942
942
942
942
927
927
927
927
927
928
928
928
928
928
928
932
932
932
932
932
924
924
924
924
924
920
920
920
920
920
920
932
932
932
932
932
927
927
927
927
927
927
940
940
940
940
940
936
936
936
936
936
931
931
931
931
931
927
927
927
927
927
927
933
933
933
933
933
935
935
935
935
935
931
931
931
931
931
931
927
927
927
927
927
926
926
926
926
926
926
928
928
928
928
928
932
932
932
932
932
922
922
922
922
922
932
932
932
932
932
932
941
941
941
941
941
932
932
932
932
932
931
931
931
931
931
931
940
940
940
940
940
930
930
930
930
930
930
927
927
927
927
927
928
928
928
928
928
941
941
941
941
941
940
940
940
940
940
940
918
918
918
918
918
937
937
937
937
937
931
931
931
931
931
931
938
938
938
938
938
919
919
919
919
919
919
922
922
922
922
922
934
934
934
934
934
928
928
928
928
928
933
933
933
933
933
933
930
930
930
930
930
930
930
930
930
930
936
936
936
936
936
936
924
924
924
924
924
920
920
920
920
920
920
927
927
927
927
927
936
936
936
936
936
928
928
928
928
928
936
936
936
936
936
936
919
919
919
919
919
929
929
929
929
929
920
920
920
920
920
920
933
933
933
933
933
924
924
924
924
924
924
936
936
936
936
936
928
928
928
928
928
935
935
935
935
935
926
926
926
926
926
926
921
921
921
921
921
931
931
931
931
931
924
924
924
924
924
924
937
937
937
937
937
932
932
932
932
932
932
930
930
930
930
930
927
927
927
927
927
930
930
930
930
930
937
937
937
937
937
937
938
938
938
938
938
939
939
939
939
939
941
941
941
941
941
941
925
925
925
925
925
933
933
933
933
933
933
936
936
936
936
936
934
934
934
934
934
946
946
946
946
946
926
926
926
926
926
926
933
933
933
933
933
942
942
942
942
942
942
942
942
942
942
942
942
942
942
942
942
934
934
934
934
934
934
941
941
941
941
941
938
938
938
938
938
926
926
926
926
926
933
933
933
933
933
933
944
944
944
944
944
941
941
941
941
941
946
946
946
946
946
946
948
948
948
948
948
944
944
944
944
944
944
940
940
940
940
940
946
946
946
946
946
950
950
950
950
950
949
949
949
949
949
949
941
941
941
941
941
947
947
947
947
947
936
936
936
936
936
936
943
943
943
943
943
937
937
937
937
937
937
941
941
941
941
941
949
949
949
949
949
946
946
946
946
946
944
944
944
944
944
944
946
946
946
946
946
931
931
931
931
931
947
947
947
947
947
947
938
938
938
938
938
952
952
952
952
952
952
946
946
946
946
946
948
948
948
948
948
944
944
944
944
944
954
954
954
954
954
954
939
939
939
939
939
943
943
943
943
943
954
954
954
954
954
954
948
948
948
948
948
951
951
951
951
951
951
944
944
944
944
944
946
946
946
946
946
951
951
951
951
951
951
951
951
951
951
951
951
951
951
951
951
944
944
944
944
944
940
940
940
940
940
940
955
955
955
955
955
940
940
940
940
940
940
946
946
946
946
946
950
950
950
950
950
943
943
943
943
943
952
952
952
952
952
952
959
959
959
959
959
949
949
949
949
949
958
958
958
958
958
958
958
958
958
958
958
948
948
948
948
948
948
950
950
950
950
950
950
950
950
950
950
966
966
966
966
966
950
950
950
950
950
950
943
943
943
943
943
963
963
963
963
963
952
952
952
952
952
952
956
956
956
956
956
947
947
947
947
947
947
954
954
954
954
954
955
955
955
955
955
958
958
958
958
958
960
960
960
960
960
960
959
959
959
959
959
950
950
950
950
950
940
940
940
940
940
940
904
904
904
904
904
827
827
827
827
827
827
758
758
758
758
758
666
666
666
666
666
614
614
614
614
614
592
592
592
592
592
592
601
601
601
601
601
663
663
663
663
663
761
761
761
761
761
761
915
915
915
915
915
1091
1091
1091
1091
1091
1091
1279
1279
1279
1279
1279
1422
1422
1422
1422
1422
1531
1531
1531
1531
1531
1557
1557
1557
1557
1557
1557
1540
1540
1540
1540
1540
1470
1470
1470
1470
1470
1388
1388
1388
1388
1388
1388
1297
1297
1297
1297
1297
1206
1206
1206
1206
1206
1206
1144
1144
1144
1144
1144
1097
1097
1097
1097
1097
1068
1068
1068
1068
1068
1038
1038
1038
1038
1038
1038
1014
1014
1014
1014
1014
958
958
958
958
958
931
931
931
931
931
931
860
860
860
860
860
796
796
796
796
796
796
696
696
696
696
696
599
599
599
599
599
493
493
493
493
493
425
425
425
425
425
425
361
361
361
361
361
326
326
326
326
326
319
319
319
319
319
319
352
352
352
352
352
463
463
463
463
463
463
600
600
600
600
600
786
786
786
786
786
965
965
965
965
965
1179
1179
1179
1179
1179
1179
1346
1346
1346
1346
1346
1464
1464
1464
1464
1464
1521
1521
1521
1521
1521
1521
1521
1521
1521
1521
1521
1493
1493
1493
1493
1493
1493
1431
1431
1431
1431
1431
1352
1352
1352
1352
1352
1229
1229
1229
1229
1229
1140
1140
1140
1140
1140
1140
1035
1035
1035
1035
1035
1000
1000
1000
1000
1000
982
982
982
982
982
982
991
991
991
991
991
1014
1014
1014
1014
1014
1014
1027
1027
1027
1027
1027
1039
1039
1039
1039
1039
1019
1019
1019
1019
1019
1001
1001
1001
1001
1001
1001
956
956
956
956
956
929
929
929
929
929
881
881
881
881
881
881
849
849
849
849
849
811
811
811
811
811
811
804
804
804
804
804
793
793
793
793
793
781
781
781
781
781
775
775
775
775
775
775
772
772
772
772
772
796
796
796
796
796
798
798
798
798
798
798
785
785
785
785
785
776
776
776
776
776
776
772
772
772
772
772
764
764
764
764
764
747
747
747
747
747
731
731
731
731
731
731
750
750
750
750
750
763
763
763
763
763
809
809
809
809
809
809
863
863
863
863
863
946
946
946
946
946
946
1008
1008
1008
1008
1008
1082
1082
1082
1082
1082
1146
1146
1146
1146
1146
1179
1179
1179
1179
1179
1179
1199
1199
1199
1199
1199
1186
1186
1186
1186
1186
1152
1152
1152
1152
1152
1152
1100
1100
1100
1100
1100
1063
1063
1063
1063
1063
1063
1035
1035
1035
1035
1035
1019
1019
1019
1019
1019
1031
1031
1031
1031
1031
1064
1064
1064
1064
1064
1064
1076
1076
1076
1076
1076
1105
1105
1105
1105
1105
1105
1105
1105
1105
1105
1105
1106
1106
1106
1106
1106
1093
1093
1093
1093
1093
1093
1081
1081
1081
1081
1081
1043
1043
1043
1043
1043
1011
1011
1011
1011
1011
978
978
978
978
978
978
936
936
936
936
936
908
908
908
908
908
876
876
876
876
876
876
835
835
835
835
835
812
812
812
812
812
812
780
780
780
780
780
760
760
760
760
760
754
754
754
754
754
760
760
760
760
760
760
782
782
782
782
782
813
813
813
813
813
819
819
819
819
819
819
831
831
831
831
831
837
837
837
837
837
837
831
831
831
831
831
785
785
785
785
785
750
750
750
750
750
711
711
711
711
711
711
670
670
670
670
670
685
685
685
685
685
722
722
722
722
722
722
793
793
793
793
793
885
885
885
885
885
885
978
978
978
978
978
1070
1070
1070
1070
1070
1111
1111
1111
1111
1111
1129
1129
1129
1129
1129
1129
1096
1096
1096
1096
1096
1061
1061
1061
1061
1061
1017
1017
1017
1017
1017
1017
1003
1003
1003
1003
1003
983
983
983
983
983
983
1001
1001
1001
1001
1001
1036
1036
1036
1036
1036
1071
1071
1071
1071
1071
1103
1103
1103
1103
1103
1103
1130
1130
1130
1130
1130
1117
1117
1117
1117
1117
1095
1095
1095
1095
1095
1095
1060
1060
1060
1060
1060
1008
1008
1008
1008
1008
1008
961
961
961
961
961
923
923
923
923
923
909
909
909
909
909
913
913
913
913
913
913
920
920
920
920
920
911
911
911
911
911
903
903
903
903
903
903
870
870
870
870
870
863
863
863
863
863
863
836
836
836
836
836
825
825
825
825
825
816
816
816
816
816
820
820
820
820
820
820
836
836
836
836
836
863
863
863
863
863
889
889
889
889
889
889
895
895
895
895
895
908
908
908
908
908
908
895
895
895
895
895
912
912
912
912
912
917
917
917
917
917
950
950
950
950
950
950
968
968
968
968
968
1001
1001
1001
1001
1001
1021
1021
1021
1021
1021
1021
1061
1061
1061
1061
1061
1087
1087
1087
1087
1087
1087
1092
1092
1092
1092
1092
1090
1090
1090
1090
1090
1060
1060
1060
1060
1060
1040
1040
1040
1040
1040
1040
1008
1008
1008
1008
1008
958
958
958
958
958
939
939
939
939
939
939
928
928
928
928
928
921
921
921
921
921
921
919
919
919
919
919
912
912
912
912
912
901
901
901
901
901
893
893
893
893
893
893
848
848
848
848
848
802
802
802
802
802
759
759
759
759
759
759
762
762
762
762
762
788
788
788
788
788
788
814
814
814
814
814
851
851
851
851
851
891
891
891
891
891
943
943
943
943
943
943
971
971
971
971
971
964
964
964
964
964
963
963
963
963
963
963
961
961
961
961
961
975
975
975
975
975
975
968
968
968
968
968
962
962
962
962
962
972
972
972
972
972
974
974
974
974
974
974
966
966
966
966
966
960
960
960
960
960
941
941
941
941
941
941