977
977
977
1007
1007
1007
1007
1007
1007
993
993
993
993
993
997
997
997
997
997
993
993
993
993
993
993
988
988
988
988
988
993
993
993
993
993
1002
1002
1002
1002
1002
1002
1002
1002
1002
1002
1002
996
996
996
996
996
995
995
995
995
995
995
993
993
993
993
993
988
988
988
988
988
991
991
991
991
991
991
981
981
981
981
981
989
989
989
989
989
972
972
972
972
972
972
997
997
997
997
997
987
987
987
987
987
988
988
988
988
988
988
976
976
976
976
976
979
979
979
979
979
992
992
992
992
992
992
1006
1006
1006
1006
1006
1001
1001
1001
1001
1001
990
990
990
990
990
990
999
999
999
999
999
1004
1004
1004
1004
1004
991
991
991
991
991
991
1001
1001
1001
1001
1001
983
983
983
983
983
987
987
987
987
987
987
983
983
983
983
983
975
975
975
975
975
976
976
976
976
976
976
995
995
995
995
995
969
969
969
969
969
981
981
981
981
981
981
979
979
979
979
979
982
982
982
982
982
965
965
965
965
965
965
993
993
993
993
993
976
976
976
976
976
986
986
986
986
986
986
979
979
979
979
979
978
978
978
978
978
960
960
960
960
960
960
984
984
984
984
984
980
980
980
980
980
977
977
977
977
977
977
981
981
981
981
981
964
964
964
964
964
977
977
977
977
977
977
988
988
988
988
988
957
957
957
957
957
987
987
987
987
987
987
970
970
970
970
970
967
967
967
967
967
980
980
980
980
980
980
956
956
956
956
956
969
969
969
969
969
978
978
978
978
978
978
957
957
957
957
957
982
982
982
982
982
969
969
969
969
969
969
954
954
954
954
954
963
963
963
963
963
957
957
957
957
957
957
971
971
971
971
971
950
950
950
950
950
971
971
971
971
971
971
955
955
955
955
955
950
950
950
950
950
967
967
967
967
967
967
974
974
974
974
974
966
966
966
966
966
957
957
957
957
957
957
961
961
961
961
961
961
961
961
961
961
953
953
953
953
953
953
944
944
944
944
944
972
972
972
972
972
962
962
962
962
962
962
956
956
956
956
956
940
940
940
940
940
960
960
960
960
960
960
937
937
937
937
937
952
952
952
952
952
955
955
955
955
955
955
966
966
966
966
966
958
958
958
958
958
957
957
957
957
957
957
974
974
974
974
974
951
951
951
951
951
952
952
952
952
952
952
959
959
959
959
959
961
961
961
961
961
954
954
954
954
954
954
955
955
955
955
955
955
955
955
955
955
955
955
955
955
955
955
965
965
965
965
965
950
950
950
950
950
954
954
954
954
954
954
946
946
946
946
946
940
940
940
940
940
945
945
945
945
945
945
944
944
944
944
944
956
956
956
956
956
958
958
958
958
958
958
949
949
949
949
949
948
948
948
948
948
967
967
967
967
967
967
944
944
944
944
944
949
949
949
949
949
965
965
965
965
965
965
946
946
946
946
946
974
974
974
974
974
954
954
954
954
954
954
958
958
958
958
958
959
959
959
959
959
950
950
950
950
950
950
950
950
950
950
950
966
966
966
966
966
943
943
943
943
943
943
938
938
938
938
938
953
953
953
953
953
950
950
950
950
950
950
965
965
965
965
965
940
940
940
940
940
951
951
951
951
951
951
948
948
948
948
948
963
963
963
963
963
960
960
960
960
960
960
949
949
949
949
949
959
959
959
959
959
968
968
968
968
968
968
953
953
953
953
953
962
962
962
962
962
946
946
946
946
946
946
958
958
958
958
958
956
956
956
956
956
954
954
954
954
954
954
971
971
971
971
971
960
960
960
960
960
962
962
962
962
962
962
969
969
969
969
969
952
952
952
952
952
954
954
954
954
954
954
970
970
970
970
970
954
954
954
954
954
965
965
965
965
965
965
959
959
959
959
959
966
966
966
966
966
962
962
962
962
962
962
967
967
967
967
967
968
968
968
968
968
977
977
977
977
977
977
962
962
962
962
962
967
967
967
967
967
967
967
967
967
967
967
972
972
972
972
972
971
971
971
971
971
956
956
956
956
956
956
952
952
952
952
952
969
969
969
969
969
973
973
973
973
973
973
974
974
974
974
974
966
966
966
966
966
967
967
967
967
967
967
961
961
961
961
961
965
965
965
965
965
991
991
991
991
991
991
957
957
957
957
957
969
969
969
969
969
977
977
977
977
977
977
978
978
978
978
978
976
976
976
976
976
973
973
973
973
973
973
971
971
971
971
971
985
985
985
985
985
976
976
976
976
976
976
987
987
987
987
987
982
982
982
982
982
971
971
971
971
971
971
967
967
967
967
967
978
978
978
978
978
990
990
990
990
990
990
980
980
980
980
980
988
988
988
988
988
982
982
982
982
982
982
1000
1000
1000
1000
1000
967
967
967
967
967
979
979
979
979
979
979
987
987
987
987
987
994
994
994
994
994
988
988
988
988
988
988
977
977
977
977
977
990
990
990
990
990
972
972
972
972
972
972
997
997
997
997
997
971
971
971
971
971
986
986
986
986
986
986
979
979
979
979
979
1004
1004
1004
1004
1004
988
988
988
988
988
988
977
977
977
977
977
1006
1006
1006
1006
1006
990
990
990
990
990
990
990
990
990
990
990
966
966
966
966
966
1005
1005
1005
1005
1005
1005
988
988
988
988
988
1004
1004
1004
1004
1004
962
962
962
962
962
962
995
995
995
995
995
988
988
988
988
988
971
971
971
971
971
971
1000
1000
1000
1000
1000
1005
1005
1005
1005
1005
981
981
981
981
981
981
994
994
994
994
994
974
974
974
974
974
1000
1000
1000
1000
1000
1000
1009
1009
1009
1009
1009
1013
1013
1013
1013
1013
974
974
974
974
974
974
1004
1004
1004
1004
1004
983
983
983
983
983
999
999
999
999
999
999
979
979
979
979
979
985
985
985
985
985
996
996
996
996
996
996
977
977
977
977
977
982
982
982
982
982
998
998
998
998
998
998
990
990
990
990
990
989
989
989
989
989
994
994
994
994
994
994
976
976
976
976
976
986
986
986
986
986
981
981
981
981
981
981
982
982
982
982
982
1001
1001
1001
1001
1001
974
974
974
974
974
974
973
973
973
973
973
971
971
971
971
971
989
989
989
989
989
989
962
962
962
962
962
999
999
999
999
999
978
978
978
978
978
978
980
980
980
980
980
978
978
978
978
978
983
983
983
983
983
983
974
974
974
974
974
974
974
974
974
974
980
980
980
980
980
980
982
982
982
982
982
986
986
986
986
986
944
944
944
944
944
944
979
979
979
979
979
988
988
988
988
988
972
972
972
972
972
972
947
947
947
947
947
973
973
973
973
973
973
973
973
973
973
973
974
974
974
974
974
964
964
964
964
964
951
951
951
951
951
951
970
970
970
970
970
963
963
963
963
963
973
973
973
973
973
973
970
970
970
970
970
967
967
967
967
967
959
959
959
959
959
959
973
973
973
973
973
976
976
976
976
976
971
971
971
971
971
971
968
968
968
968
968
965
965
965
965
965
978
978
978
978
978
978
964
964
964
964
964
961
961
961
961
961
968
968
968
968
968
968
950
950
950
950
950
957
957
957
957
957
956
956
956
956
956
956
950
950
950
950
950
972
972
972
972
972
948
948
948
948
948
948
962
962
962
962
962
956
956
956
956
956
929
929
929
929
929
929
952
952
952
952
952
969
969
969
969
969
961
961
961
961
961
961
956
956
956
956
956
972
972
972
972
972
977
977
977
977
977
977
956
956
956
956
956
969
969
969
969
969
959
959
959
959
959
959
953
953
953
953
953
950
950
950
950
950
953
953
953
953
953
953
975
975
975
975
975
955
955
955
955
955
968
968
968
968
968
968
945
945
945
945
945
970
970
970
970
970
948
948
948
948
948
948
963
963
963
963
963
947
947
947
947
947
954
954
954
954
954
954
950
950
950
950
950
944
944
944
944
944
965
965
965
965
965
965
966
966
966
966
966
956
956
956
956
956
957
957
957
957
957
957
949
949
949
949
949
951
951
951
951
951
941
941
941
941
941
941
963
963
963
963
963
958
958
958
958
958
953
953
953
953
953
953
959
959
959
959
959
954
954
954
954
954
956
956
956
956
956
956
965
965
965
965
965
954
954
954
954
954
948
948
948
948
948
948
957
957
957
957
957
964
964
964
964
964
966
966
966
966
966
966
940
940
940
940
940
957
957
957
957
957
958
958
958
958
958
958
968
968
968
968
968
962
962
962
962
962
956
956
956
956
956
956
950
950
950
950
950
964
964
964
964
964
946
946
946
946
946
946
967
967
967
967
967
958
958
958
958
958
957
957
957
957
957
957
955
955
955
955
955
974
974
974
974
974
975
975
975
975
975
975
958
958
958
958
958
957
957
957
957
957
946
946
946
946
946
946
947
947
947
947
947
952
952
952
952
952
975
975
975
975
975
975
953
953
953
953
953
967
967
967
967
967
980
980
980
980
980
980
962
962
962
962
962
961
961
961
961
961
967
967
967
967
967
967
963
963
963
963
963
965
965
965
965
965
973
973
973
973
973
973
960
960
960
960
960
969
969
969
969
969
958
958
958
958
958
958
966
966
966
966
966
965
965
965
965
965
969
969
969
969
969
969
962
962
962
962
962
970
970
970
970
970
961
961
961
961
961
961
969
969
969
969
969
979
979
979
979
979
974
974
974
974
974
974
971
971
971
971
971
979
979
979
979
979
972
972
972
972
972
972
974
974
974
974
974
976
976
976
976
976
976
976
976
976
976
976
979
979
979
979
979
970
970
970
970
970
973
973
973
973
973
973
977
977
977
977
977
977
977
977
977
977
990
990
990
990
990
990
969
969
969
969
969
979
979
979
979
979
980
980
980
980
980
980
970
970
970
970
970
990
990
990
990
990
970
970
970
970
970
970
984
984
984
984
984
987
987
987
987
987
971
971
971
971
971
971
976
976
976
976
976
986
986
986
986
986
986
986
986
986
986
986
980
980
980
980
980
981
981
981
981
981
979
979
979
979
979
979
975
975
975
975
975
982
982
982
982
982
975
975
975
975
975
975
977
977
977
977
977
988
988
988
988
988
988
988
988
988
988
988
976
976
976
976
976
981
981
981
981
981
991
991
991
991
991
991
1006
1006
1006
1006
1006
984
984
984
984
984
1013
1013
1013
1013
1013
1013
962
962
962
962
962
927
927
927
927
927
858
858
858
858
858
858
770
770
770
770
770
699
699
699
699
699
664
664
664
664
664
664
641
641
641
641
641
642
642
642
642
642
659
659
659
659
659
659
702
702
702
702
702
871
871
871
871
871
1211
1211
1211
1211
1211
1211
1740
1740
1740
1740
1740
2245
2245
2245
2245
2245
2622
2622
2622
2622
2622
2622
2772
2772
2772
2772
2772
2717
2717
2717
2717
2717
2450
2450
2450
2450
2450
2450
2094
2094
2094
2094
2094
1686
1686
1686
1686
1686
1291
1291
1291
1291
1291
1291
1043
1043
1043
1043
1043
893
893
893
893
893
877
877
877
877
877
877
884
884
884
884
884
913
913
913
913
913
910
910
910
910
910
910
893
893
893
893
893
860
860
860
860
860
797
797
797
797
797
797
723
723
723
723
723
653
653
653
653
653
607
607
607
607
607
607
596
596
596
596
596
573
573
573
573
573
571
571
571
571
571
571
572
572
572
572
572
595
595
595
595
595
655
655
655
655
655
655
758
758
758
758
758
1014
1014
1014
1014
1014
1477
1477
1477
1477
1477
1477
1966
1966
1966
1966
1966
2365
2365
2365
2365
2365
2574
2574
2574
2574
2574
2574
2605
2605
2605
2605
2605
2475
2475
2475
2475
2475
2238
2238
2238
2238
2238
2238
2011
2011
2011
2011
2011
1691
1691
1691
1691
1691
1369
1369
1369
1369
1369
1369
1099
1099
1099
1099
1099
905
905
905
905
905
785
785
785
785
785
785
770
770
770
770
770
768
768
768
768
768
805
805
805
805
805
805
826
826
826
826
826
853
853
853
853
853
900
900
900
900
900
900
930
930
930
930
930
957
957
957
957
957
994
994
994
994
994
994
1010
1010
1010
1010
1010
1026
1026
1026
1026
1026
1038
1038
1038
1038
1038
1038
1060
1060
1060
1060
1060
1088
1088
1088
1088
1088
1051
1051
1051
1051
1051
1051
909
909
909
909
909
825
825
825
825
825
784
784
784
784
784
784
753
753
753
753
753
713
713
713
713
713
690
690
690
690
690
690
692
692
692
692
692
697
697
697
697
697
720
720
720
720
720
720
735
735
735
735
735
760
760
760
760
760
814
814
814
814
814
814
897
897
897
897
897
1028
1028
1028
1028
1028
1159
1159
1159
1159
1159
1159
1315
1315
1315
1315
1315
1448
1448
1448
1448
1448
1531
1531
1531
1531
1531
1531
1489
1489
1489
1489
1489
1454
1454
1454
1454
1454
1413
1413
1413
1413
1413
1413
1346
1346
1346
1346
1346
1237
1237
1237
1237
1237
1148
1148
1148
1148
1148
1148
1156
1156
1156
1156
1156
1192
1192
1192
1192
1192
1181
1181
1181
1181
1181
1181
1121
1121
1121
1121
1121
1104
1104
1104
1104
1104
1148
1148
1148
1148
1148
1148
1119
1119
1119
1119
1119
1086
1086
1086
1086
1086
1005
1005
1005
1005
1005
1005
1010
1010
1010
1010
1010
1023
1023
1023
1023
1023
979
979
979
979
979
979
958
958
958
958
958
926
926
926
926
926
969
969
969
969
969
969
984
984
984
984
984
974
974
974
974
974
963
963
963
963
963
963
939
939
939
939
939
904
904
904
904
904
826
826
826
826
826
826
773
773
773
773
773
731
731
731
731
731
736
736
736
736
736
736
745
745
745
745
745
745
745
745
745
745
799
799
799
799
799
799
843
843
843
843
843
929
929
929
929
929
919
919
919
919
919
919
862
862
862
862
862
811
811
811
811
811
765
765
765
765
765
765
743
743
743
743
743
755
755
755
755
755
791
791
791
791
791
791
861
861
861
861
861
1023
1023
1023
1023
1023
1183
1183
1183
1183
1183
1183
1358
1358
1358
1358
1358
1437
1437
1437
1437
1437
1448
1448
1448
1448
1448
1448
1346
1346
1346
1346
1346
1185
1185
1185
1185
1185
1112
1112
1112
1112
1112
1112
1056
1056
1056
1056
1056
1017
1017
1017
1017
1017
1075
1075
1075
1075
1075
1075
1121
1121
1121
1121
1121
1181
1181
1181
1181
1181
1242
1242
1242
1242
1242
1242
1258
1258
1258
1258
1258
1195
1195
1195
1195
1195
1075
1075
1075
1075
1075
1075
953
953
953
953
953
899
899
899
899
899
871
871
871
871
871
871
877
877
877
877
877
879
879
879
879
879
929
929
929
929
929
929
974
974
974
974
974
1005
1005
1005
1005
1005
971
971
971
971
971
971
921
921
921
921
921
868
868
868
868
868
818
818
818
818
818
818
781
781
781
781
781
781
781
781
781
781
804
804
804
804
804
804
825
825
825
825
825
879
879
879
879
879
966
966
966
966
966
966
1075
1075
1075
1075
1075
1116
1116
1116
1116
1116
1197
1197
1197
1197
1197
1197
1200
1200
1200
1200
1200
1170
1170
1170
1170
1170
1162
1162
1162
1162
1162
1162
1118
1118
1118
1118
1118
1098
1098
1098
1098
1098
1072
1072
1072
1072
1072
1072
1051
1051
1051
1051
1051
1032
1032
1032
1032
1032
1025
1025
1025
1025
1025
1025
1028
1028
1028
1028
1028
1035
1035
1035
1035
1035
1009
1009
1009
1009
1009
1009
1002
1002
1002
1002
1002
980
980
980
980
980
933
933
933
933
933
933
924
924
924
924
924
888
888
888
888
888
892
892
892
892
892
892
834
834
834
834
834
794
794
794
794
794
762
762
762
762
762
762
755
755
755
755
755
743
743
743
743
743
739
739
739
739
739
739
787
787
787
787
787
848
848
848
848
848
958
958
958
958
958
958
1013
1013
1013
1013
1013
1104
1104
1104
1104
1104
1159
1159
1159
1159
1159
1159
1213
1213
1213
1213
1213
1147
1147
1147
1147
1147
1089
1089
1089
1089
1089
1089
1027
1027
1027
1027
1027
962
962
962
962
962
933
933
933
933
933
933
915
915
915
915
915
913
913
913
913
913
935
935
935
935
935
935
942
942
942
942
942
937
937
937
937
937
943
943
943
943
943
943
1006
1006
1006
1006
1006
1010
1010
1010
1010
1010
1098
1098
1098
1098
1098
1098
1034
1034
1034
1034
1034
1030
1030
1030
1030
1030
973
973
973
973
973
973
952
952
952
952
952
913
913
913
913
913
878
878
878
878
878
878
847
847
847
847
847
833
833
833
833
833
865
865
865
865
865
865
930
930
930
930
930
1014
1014
1014
1014
1014
1055
1055
1055
1055
1055
1055
1144
1144
1144
1144
1144
1138
1138
1138
1138
1138
1167
1167
1167
1167
1167
1167
1145
1145
1145
1145
1145
1080
1080
1080
1080
1080
1060
1060
1060
1060
1060
1060
1013
1013
1013
1013
1013
994
994
994
994
994
937
937
937
937
937
937
935
935
935
935
935
940
940
940
940
940
981
981
981
981
981
981
984
984
984
984
984
1009
1009
1009
1009
1009
986
986
986
986
986
986
980
980
980
980
980
982
982
982
982
982
933
933
933
933
933
933
923
923
923
923
923
882
882
882
882
882
861
861
861
861
861
861
887
887
887
887
887
883
883
883
883
883
906
906
906
906
906
906
916
916
916
916
916
917
917
917
917
917
942
942
942
942
942
942
957
957
957
957
957
949
949
949
949
949
955
955
955
955
955
955
978
978
978
978
978
984
984
984
984
984
985
985
985
985
985
985
1014
1014
1014
1014
1014
981
981
981
981
981
974
974
974
974
974
974
961
961
961
961
961
951
951
951
951
951
976
976
976
976
976
976
968
968
968
968
968
1032
1032
1032
1032
1032
1037
1037
1037
1037
1037
1037
1079
1079
1079
1079
1079
1051
1051
1051
1051
1051
1034
1034
1034
1034
1034
1034
987
987
987
987
987
952
952
952
952
952
913
913
913
913
913
913
896
896
896
896
896
879
879
879
879
879
874
874
874
874
874
874
898
898
898
898
898
894
894
894
894
894
910
910
910
910
910
910
910
910
910
910
910
915
915
915
915
915
924
924
924
924
924
924
936
936
936
936
936
973
973
973
973
973
1001
1001
1001
1001
1001
1001
982
982
982
982
982
988
988
988
988
988
973
973
973
973
973
973
999
999
999
999
999
1013
1013
1013
1013
1013
990
990
990
990
990
990
989
989
989
989
989
994
994
994
994
994
1001
1001
1001
1001
1001
1001
993
993
993
993
993
1020
1020
1020
1020
1020
1002
1002
1002
1002
1002
1002
1003
1003
1003
1003
1003
989
989
989
989
989
1001
1001
1001
1001
1001
1001
1022
1022
1022
1022
1022
1050
1050
1050
1050
1050
1086
1086
1086
1086
1086
1086
1071
1071
1071
1071
1071
1078
1078
1078
1078
1078
1080
1080
1080
1080
1080
1080
1094
1094
1094
1094
1094
1075
1075
1075
1075
1075
1032
1032
1032
1032
1032
1032
982
982
982
982
982
959
959
959
959
959
931
931
931
931
931
931
915
915
915
915
915
888
888
888
888
888
891
891
891
891
891
891
900
900
900
900
900
909
909
909
909
909
980
980
980
980
980
980
1031
1031
1031
1031
1031
1070
1070
1070
1070
1070
1107
1107
1107
1107
1107
1107
1066
1066
1066
1066
1066
1038
1038
1038
1038
1038
989
989
989
989
989
989
919
919
919
919
919
913
913
913
913
913
885
885
885
885
885
885
847
847
847
847
847
852
852
852
852
852
875
875
875
875
875
875
906
906
906
906
906
952
952
952
952
952
932
932
932
932
932
932
977
977
977
977
977
993
993
993
993
993
1034
1034
1034
1034
1034
1034
1063
1063
1063
1063
1063
1055
1055
1055
1055
1055
1058
1058
1058
1058
1058
1058
1063
1063
1063
1063
1063
1045
1045
1045
1045
1045
1075
1075
1075
1075
1075
1075
1065
1065
1065
1065
1065
1008
1008
1008
1008
1008
991
991
991
991
991
991
945
945
945
945
945
923
923
923
923
923
913
913
913
913
913
913
920
920
920
920
920
901
901
901
901
901
954
954
954
954
954
954
976
976
976
976
976
1025
1025
1025
1025
1025
1029
1029
1029
1029
1029
1029
1107
1107
1107
1107
1107
1119
1119
1119
1119
1119
1093
1093
1093
1093
1093
1093
1058
1058
1058
1058
1058
992
992
992
992
992
949
949
949
949
949
949
911
911
911
911
911
889
889
889
889
889
907
907
907
907
907
907
917
917
917
917
917
904
904
904
904
904
906
906
906
906
906
906
948
948
948
948
948
977
977
977
977
977
1005
1005
1005
1005
1005
1005
1004
1004
1004
1004
1004
999
999
999
999
999
956
956
956
956
956
956
980
980
980
980
980
979
979
979
979
979
1004
1004
1004
1004
1004
1004
1020
1020
1020
1020
1020
1038
1038
1038
1038
1038
1051
1051
1051
1051
1051
1051
1041
1041
1041
1041
1041
1082
1082
1082
1082
1082
1068
1068
1068
1068
1068
1068
1070
1070
1070
1070
1070
1048
1048
1048
1048
1048
963
963
963
963
963
963
966
966
966
966
966
941
941
941
941
941
919
919
919
919
919
919
926
926
926
926
926
931
931
931
931
931
930
930
930
930
930
930
949
949
949
949
949
974
974
974
974
974
982
982
982
982
982
982
1010
1010
1010
1010
1010
1013
1013
1013
1013
1013
1008
1008
1008
1008
1008
1008
976
976
976
976
976
982
982
982
982
982
934
934
934
934
934
934
904
904
904
904
904
894
894
894
894
894
884
884
884
884
884
884
912
912
912
912
912
933
933
933
933
933
961
961
961
961
961
961
1007
1007
1007
1007
1007
1050
1050
1050
1050
1050
1086
1086
1086
1086
1086
1086
1109
1109
1109
1109
1109
1101
1101
1101
1101
1101
1082
1082
1082
1082
1082
1082
1039
1039
1039
1039
1039
986
986
986
986
986
921
921
921
921
921
921
939
939
939
939
939
927
927
927
927
927
921
921
921
921
921
921
914
914
914
914
914
935
935
935
935
935
945
945
945
945
945
945
977
977
977
977
977
985
985
985
985
985
997
997
997
997
997
997
986
986
986
986
986
1000
1000
1000
1000
1000
961
961
961
961
961
961
985
985
985
985
985
994
994
994
994
994
981
981
981
981
981
981
951
951
951
951
951
930
930
930
930
930
919
919
919
919
919
919
937
937
937
937
937
954
954
954
954
954
959
959
959
959
959
959
969
969
969
969
969
977
977
977
977
977
979
979
979
979
979
979
981
981
981
981
981
958
958
958
958
958
954
954
954
954
954
954
964
964
964
964
964
934
934
934
934
934
937
937
937
937
937
937
943
943
943
943
943
954
954
954
954
954
951
951
951
951
951
951
953
953
953
953
953
967
967
967
967
967
1004
1004
1004
1004
1004
1004
1006
1006
1006
1006
1006
1002
1002
1002
1002
1002
1007
1007
1007
1007
1007
1007
985
985
985
985
985
1007
1007
1007
1007
1007
1005
1005
1005
1005
1005
1005
965
965
965
965
965
955
955
955
955
955
914
914
914
914
914
914
956
956
956
956
956
899
899
899
899
899
917
917
917
917
917
917
914
914
914
914
914
942
942
942
942
942
944
944
944
944
944
944
968
968
968
968
968
980
980
980
980
980
1022
1022
1022
1022
1022
1022
1013
1013
1013
1013
1013
1020
1020
1020
1020
1020
993
993
993
993
993
993
989
989
989
989
989
964
964
964
964
964
950
950
950
950
950
950
933
933
933
933
933
931
931
931
931
931
927
927
927
927
927
927
936
936
936
936
936
935
935
935
935
935
940
940
940
940
940
940
962
962
962
962
962
976
976
976
976
976
993
993
993
993
993
993
997
997
997
997
997
986
986
986
986
986
969
969
969
969
969
969
964
964
964
964
964
987
987
987
987
987
967
967
967
967
967
967
992
992
992
992
992
987
987
987
987
987
986
986
986
986
986
986
969
969
969
969
969
967
967
967
967
967
960
960
960
960
960
960
942
942
942
942
942
948
948
948
948
948
929
929
929
929
929
929
952
952
952
952
952
938
938
938
938
938
964
964
964
964
964
964
976
976
976
976
976
995
995
995
995
995
1024
1024
1024
1024
1024
1024
1023
1023
1023
1023
1023
1019
1019
1019
1019
1019
993
993
993
993
993
993
1008
1008
1008
1008
1008
990
990
990
990
990
970
970
970
970
970
970
946
946
946
946
946
938
938
938
938
938
927
927
927
927
927
927
928
928
928
928
928
939
939
939
939
939
953
953
953
953
953
953
961
961
961
961
961
949
949
949
949
949
968
968
968
968
968
968
980
980
980
980
980
1006
1006
1006
1006
1006
1004
1004
1004
1004