971
971
949
949
949
949
949
949
963
963
963
963
963
973
973
973
973
973
960
960
960
960
960
960
979
979
979
979
979
986
986
986
986
986
969
969
969
969
969
969
963
963
963
963
963
980
980
980
980
980
959
959
959
959
959
959
970
970
970
970
970
971
971
971
971
971
965
965
965
965
965
965
974
974
974
974
974
975
975
975
975
975
954
954
954
954
954
954
991
991
991
991
991
977
977
977
977
977
989
989
989
989
989
989
956
956
956
956
956
976
976
976
976
976
982
982
982
982
982
982
954
954
954
954
954
976
976
976
976
976
960
960
960
960
960
960
973
973
973
973
973
970
970
970
970
970
973
973
973
973
973
973
980
980
980
980
980
978
978
978
978
978
961
961
961
961
961
961
982
982
982
982
982
968
968
968
968
968
979
979
979
979
979
979
952
952
952
952
952
983
983
983
983
983
962
962
962
962
962
962
963
963
963
963
963
983
983
983
983
983
985
985
985
985
985
985
974
974
974
974
974
983
983
983
983
983
969
969
969
969
969
969
952
952
952
952
952
972
972
972
972
972
951
951
951
951
951
951
968
968
968
968
968
955
955
955
955
955
959
959
959
959
959
959
966
966
966
966
966
968
968
968
968
968
979
979
979
979
979
979
988
988
988
988
988
965
965
965
965
965
969
969
969
969
969
969
945
945
945
945
945
969
969
969
969
969
961
961
961
961
961
961
968
968
968
968
968
968
968
968
968
968
992
992
992
992
992
992
950
950
950
950
950
993
993
993
993
993
970
970
970
970
970
970
956
956
956
956
956
957
957
957
957
957
945
945
945
945
945
945
954
954
954
954
954
987
987
987
987
987
956
956
956
956
956
956
978
978
978
978
978
969
969
969
969
969
963
963
963
963
963
963
967
967
967
967
967
962
962
962
962
962
956
956
956
956
956
956
961
961
961
961
961
960
960
960
960
960
978
978
978
978
978
978
968
968
968
968
968
977
977
977
977
977
951
951
951
951
951
951
972
972
972
972
972
976
976
976
976
976
974
974
974
974
974
974
965
965
965
965
965
979
979
979
979
979
963
963
963
963
963
963
967
967
967
967
967
963
963
963
963
963
947
947
947
947
947
947
967
967
967
967
967
969
969
969
969
969
931
931
931
931
931
931
989
989
989
989
989
971
971
971
971
971
970
970
970
970
970
970
957
957
957
957
957
960
960
960
960
960
965
965
965
965
965
965
981
981
981
981
981
969
969
969
969
969
970
970
970
970
970
970
970
970
970
970
970
960
960
960
960
960
964
964
964
964
964
964
970
970
970
970
970
978
978
978
978
978
969
969
969
969
969
969
959
959
959
959
959
973
973
973
973
973
982
982
982
982
982
982
987
987
987
987
987
979
979
979
979
979
973
973
973
973
973
973
988
988
988
988
988
1000
1000
1000
1000
1000
966
966
966
966
966
966
963
963
963
963
963
972
972
972
972
972
969
969
969
969
969
969
969
969
969
969
969
960
960
960
960
960
979
979
979
979
979
979
970
970
970
970
970
969
969
969
969
969
962
962
962
962
962
962
977
977
977
977
977
972
972
972
972
972
981
981
981
981
981
981
992
992
992
992
992
988
988
988
988
988
971
971
971
971
971
971
964
964
964
964
964
982
982
982
982
982
961
961
961
961
961
961
977
977
977
977
977
969
969
969
969
969
978
978
978
978
978
978
982
982
982
982
982
980
980
980
980
980
969
969
969
969
969
969
1000
1000
1000
1000
1000
990
990
990
990
990
960
960
960
960
960
960
968
968
968
968
968
966
966
966
966
966
968
968
968
968
968
968
972
972
972
972
972
983
983
983
983
983
984
984
984
984
984
984
969
969
969
969
969
984
984
984
984
984
964
964
964
964
964
964
960
960
960
960
960
980
980
980
980
980
966
966
966
966
966
966
966
966
966
966
966
970
970
970
970
970
969
969
969
969
969
969
965
965
965
965
965
972
972
972
972
972
974
974
974
974
974
974
971
971
971
971
971
965
965
965
965
965
979
979
979
979
979
979
971
971
971
971
971
969
969
969
969
969
954
954
954
954
954
954
965
965
965
965
965
981
981
981
981
981
977
977
977
977
977
977
980
980
980
980
980
972
972
972
972
972
974
974
974
974
974
974
943
943
943
943
943
975
975
975
975
975
980
980
980
980
980
980
963
963
963
963
963
963
963
963
963
963
968
968
968
968
968
968
965
965
965
965
965
983
983
983
983
983
967
967
967
967
967
967
981
981
981
981
981
976
976
976
976
976
965
965
965
965
965
965
962
962
962
962
962
979
979
979
979
979
969
969
969
969
969
969
973
973
973
973
973
961
961
961
961
961
964
964
964
964
964
964
965
965
965
965
965
980
980
980
980
980
967
967
967
967
967
967
988
988
988
988
988
982
982
982
982
982
971
971
971
971
971
971
973
973
973
973
973
957
957
957
957
957
979
979
979
979
979
979
963
963
963
963
963
987
987
987
987
987
977
977
977
977
977
977
972
972
972
972
972
962
962
962
962
962
964
964
964
964
964
964
970
970
970
970
970
983
983
983
983
983
979
979
979
979
979
979
958
958
958
958
958
974
974
974
974
974
963
963
963
963
963
963
972
972
972
972
972
965
965
965
965
965
966
966
966
966
966
966
957
957
957
957
957
971
971
971
971
971
981
981
981
981
981
981
955
955
955
955
955
966
966
966
966
966
981
981
981
981
981
981
976
976
976
976
976
974
974
974
974
974
980
980
980
980
980
980
982
982
982
982
982
970
970
970
970
970
959
959
959
959
959
959
988
988
988
988
988
970
970
970
970
970
965
965
965
965
965
965
971
971
971
971
971
975
975
975
975
975
970
970
970
970
970
970
973
973
973
973
973
968
968
968
968
968
959
959
959
959
959
959
964
964
964
964
964
964
964
964
964
964
970
970
970
970
970
970
964
964
964
964
964
971
971
971
971
971
975
975
975
975
975
975
969
969
969
969
969
961
961
961
961
961
979
979
979
979
979
979
982
982
982
982
982
986
986
986
986
986
971
971
971
971
971
971
969
969
969
969
969
967
967
967
967
967
968
968
968
968
968
968
965
965
965
965
965
968
968
968
968
968
964
964
964
964
964
964
982
982
982
982
982
991
991
991
991
991
974
974
974
974
974
974
976
976
976
976
976
954
954
954
954
954
969
969
969
969
969
969
984
984
984
984
984
979
979
979
979
979
969
969
969
969
969
969
971
971
971
971
971
991
991
991
991
991
966
966
966
966
966
966
989
989
989
989
989
962
962
962
962
962
970
970
970
970
970
970
954
954
954
954
954
966
966
966
966
966
976
976
976
976
976
976
966
966
966
966
966
972
972
972
972
972
962
962
962
962
962
962
964
964
964
964
964
958
958
958
958
958
982
982
982
982
982
982
961
961
961
961
961
957
957
957
957
957
976
976
976
976
976
976
956
956
956
956
956
970
970
970
970
970
964
964
964
964
964
964
958
958
958
958
958
956
956
956
956
956
967
967
967
967
967
967
967
967
967
967
967
975
975
975
975
975
974
974
974
974
974
974
966
966
966
966
966
964
964
964
964
964
973
973
973
973
973
973
976
976
976
976
976
952
952
952
952
952
974
974
974
974
974
974
966
966
966
966
966
971
971
971
971
971
958
958
958
958
958
958
955
955
955
955
955
982
982
982
982
982
964
964
964
964
964
964
971
971
971
971
971
968
968
968
968
968
981
981
981
981
981
981
985
985
985
985
985
982
982
982
982
982
968
968
968
968
968
968
981
981
981
981
981
952
952
952
952
952
964
964
964
964
964
964
973
973
973
973
973
950
950
950
950
950
969
969
969
969
969
969
965
965
965
965
965
957
957
957
957
957
979
979
979
979
979
979
963
963
963
963
963
971
971
971
971
971
980
980
980
980
980
980
971
971
971
971
971
954
954
954
954
954
962
962
962
962
962
962
955
955
955
955
955
967
967
967
967
967
972
972
972
972
972
972
972
972
972
972
972
969
969
969
969
969
965
965
965
965
965
965
971
971
971
971
971
975
975
975
975
975
965
965
965
965
965
965
981
981
981
981
981
968
968
968
968
968
955
955
955
955
955
955
975
975
975
975
975
964
964
964
964
964
968
968
968
968
968
968
955
955
955
955
955
967
967
967
967
967
982
982
982
982
982
982
967
967
967
967
967
972
972
972
972
972
954
954
954
954
954
954
964
964
964
964
964
966
966
966
966
966
979
979
979
979
979
979
969
969
969
969
969
965
965
965
965
965
959
959
959
959
959
959
949
949
949
949
949
966
966
966
966
966
952
952
952
952
952
952
966
966
966
966
966
967
967
967
967
967
953
953
953
953
953
953
978
978
978
978
978
959
959
959
959
959
984
984
984
984
984
984
968
968
968
968
968
951
951
951
951
951
983
983
983
983
983
983
957
957
957
957
957
976
976
976
976
976
968
968
968
968
968
968
972
972
972
972
972
990
990
990
990
990
971
971
971
971
971
971
971
971
971
971
971
963
963
963
963
963
957
957
957
957
957
957
962
962
962
962
962
971
971
971
971
971
961
961
961
961
961
961
969
969
969
969
969
958
958
958
958
958
958
958
958
958
958
958
958
958
958
958
958
955
955
955
955
955
967
967
967
967
967
967
959
959
959
959
959
967
967
967
967
967
967
967
967
967
967
967
955
955
955
955
955
963
963
963
963
963
957
957
957
957
957
957
947
947
947
947
947
949
949
949
949
949
943
943
943
943
943
943
971
971
971
971
971
973
973
973
973
973
952
952
952
952
952
952
983
983
983
983
983
964
964
964
964
964
980
980
980
980
980
980
957
957
957
957
957
968
968
968
968
968
963
963
963
963
963
963
976
976
976
976
976
973
973
973
973
973
971
971
971
971
971
971
965
965
965
965
965
985
985
985
985
985
983
983
983
983
983
983
967
967
967
967
967
964
964
964
964
964
973
973
973
973
973
973
971
971
971
971
971
993
993
993
993
993
939
939
939
939
939
939
969
969
969
969
969
981
981
981
981
981
948
948
948
948
948
948
961
961
961
961
961
973
973
973
973
973
964
964
964
964
964
964
978
978
978
978
978
980
980
980
980
980
919
919
919
919
919
919
839
839
839
839
839
772
772
772
772
772
726
726
726
726
726
726
712
712
712
712
712
716
716
716
716
716
751
751
751
751
751
751
862
862
862
862
862
1075
1075
1075
1075
1075
1359
1359
1359
1359
1359
1359
1627
1627
1627
1627
1627
1802
1802
1802
1802
1802
1845
1845
1845
1845
1845
1845
1816
1816
1816
1816
1816
1720
1720
1720
1720
1720
1620
1620
1620
1620
1620
1620
1377
1377
1377
1377
1377
1144
1144
1144
1144
1144
862
862
862
862
862
862
741
741
741
741
741
658
658
658
658
658
615
615
615
615
615
615
590
590
590
590
590
579
579
579
579
579
568
568
568
568
568
568
586
586
586
586
586
657
657
657
657
657
916
916
916
916
916
916
1628
1628
1628
1628
1628
2500
2500
2500
2500
2500
3253
3253
3253
3253
3253
3253
3627
3627
3627
3627
3627
3620
3620
3620
3620
3620
3194
3194
3194
3194
3194
3194
2346
2346
2346
2346
2346
1304
1304
1304
1304
1304
685
685
685
685
685
685
575
575
575
575
575
535
535
535
535
535
535
535
535
535
535
535
545
545
545
545
545
604
604
604
604
604
721
721
721
721
721
721
1233
1233
1233
1233
1233
2128
2128
2128
2128
2128
2853
2853
2853
2853
2853
2853
3108
3108
3108
3108
3108
2969
2969
2969
2969
2969
2537
2537
2537
2537
2537
2537
1807
1807
1807
1807
1807
924
924
924
924
924
624
624
624
624
624
624
564
564
564
564
564
537
537
537
537
537
527
527
527
527
527
527
537
537
537
537
537
562
562
562
562
562
658
658
658
658
658
658
1305
1305
1305
1305
1305
2557
2557
2557
2557
2557
3660
3660
3660
3660
3660
3660
4095
4095
4095
4095
4095
4095
4095
4095
4095
4095
3673
3673
3673
3673
3673
3673
2513
2513
2513
2513
2513
1136
1136
1136
1136
1136
640
640
640
640
640
640
555
555
555
555
555
536
536
536
536
536
539
539
539
539
539
539
564
564
564
564
564
621
621
621
621
621
782
782
782
782
782
782
1307
1307
1307
1307
1307
1980
1980
1980
1980
1980
2403
2403
2403
2403
2403
2403
2517
2517
2517
2517
2517
2266
2266
2266
2266
2266
1866
1866
1866
1866
1866
1866
1440
1440
1440
1440
1440
1111
1111
1111
1111
1111
952
952
952
952
952
952
929
929
929
929
929
1114
1114
1114
1114
1114
1407
1407
1407
1407
1407
1407
1605
1605
1605
1605
1605
1654
1654
1654
1654
1654
1427
1427
1427
1427
1427
1427
1037
1037
1037
1037
1037
720
720
720
720
720
640
640
640
640
640
640
606
606
606
606
606
585
585
585
585
585
576
576
576
576
576
576
586
586
586
586
586
621
621
621
621
621
689
689
689
689
689
689
805
805
805
805
805
1112
1112
1112
1112
1112
1614
1614
1614
1614
1614
1614
1971
1971
1971
1971
1971
2058
2058
2058
2058
2058
1925
1925
1925
1925
1925
1925
1649
1649
1649
1649
1649
1364
1364
1364
1364
1364
1080
1080
1080
1080
1080
1080
923
923
923
923
923
887
887
887
887
887
923
923
923
923
923
923
1101
1101
1101
1101
1101
1316
1316
1316
1316
1316
1620
1620
1620
1620
1620
1620
1830
1830
1830
1830
1830
1927
1927
1927
1927
1927
1807
1807
1807
1807
1807
1807
1556
1556
1556
1556
1556
1219
1219
1219
1219
1219
932
932
932
932
932
932
741
741
741
741
741
697
697
697
697
697
664
664
664
664
664
664
662
662
662
662
662
699
699
699
699
699
766
766
766
766
766
766
878
878
878
878
878
1074
1074
1074
1074
1074
1332
1332
1332
1332
1332
1332
1560
1560
1560
1560
1560
1700
1700
1700
1700
1700
1690
1690
1690
1690
1690
1690
1448
1448
1448
1448
1448
1146
1146
1146
1146
1146
899
899
899
899
899
899
753
753
753
753
753
678
678
678
678
678
634
634
634
634
634
634
634
634
634
634
634
639
639
639
639
639
692
692
692
692
692
692
841
841
841
841
841
1190
1190
1190
1190
1190
1577
1577
1577
1577
1577
1577
1783
1783
1783
1783
1783
1756
1756
1756
1756
1756
1697
1697
1697
1697
1697
1697
1516
1516
1516
1516
1516
1309
1309
1309
1309
1309
1070
1070
1070
1070
1070
1070
948
948
948
948
948
884
884
884
884
884
865
865
865
865
865
865
899
899
899
899
899
968
968
968
968
968
1052
1052
1052
1052
1052
1052
1072
1072
1072
1072
1072
1039
1039
1039
1039
1039
1027
1027
1027
1027
1027
1027
1012
1012
1012
1012
1012
981
981
981
981
981
973
973
973
973
973
973
1053
1053
1053
1053
1053
1255
1255
1255
1255
1255
1479
1479
1479
1479
1479
1479
1651
1651
1651
1651
1651
1673
1673
1673
1673
1673
1532
1532
1532
1532
1532
1532
1293
1293
1293
1293
1293
1010
1010
1010
1010
1010
778
778
778
778
778
778
669
669
669
669
669
634
634
634
634
634
605
605
605
605
605
605
610
610
610
610
610
626
626
626
626
626
662
662
662
662
662
662
758
758
758
758
758
1060
1060
1060
1060
1060
1459
1459
1459
1459
1459
1459
1765
1765
1765
1765
1765
1934
1934
1934
1934
1934
2000
2000
2000
2000
2000
2000
1841
1841
1841
1841
1841
1639
1639
1639
1639
1639
1344
1344
1344
1344
1344
1344
1106
1106
1106
1106
1106
944
944
944
944
944
831
831
831
831
831
831
801
801
801
801
801
789
789
789
789
789
801
801
801
801
801
801
879
879
879
879
879
948
948
948
948
948
1001
1001
1001
1001
1001
1001
1083
1083
1083
1083
1083
1117
1117
1117
1117
1117
1150
1150
1150
1150
1150
1150
1181
1181
1181
1181
1181
1220
1220
1220
1220
1220
1261
1261
1261
1261
1261
1261
1280
1280
1280
1280
1280
1237
1237
1237
1237
1237
1155
1155
1155
1155
1155
1155
1045
1045
1045
1045
1045
933
933
933
933
933
825
825
825
825
825
825
746
746
746
746
746
713
713
713
713
713
713
713
713
713
713
713
739
739
739
739
739
812
812
812
812
812
905
905
905
905
905
905
1082
1082
1082
1082
1082
1216
1216
1216
1216
1216
1380
1380
1380
1380
1380
1380
1466
1466
1466
1466
1466
1463
1463
1463
1463
1463
1407
1407
1407
1407
1407
1407
1265
1265
1265
1265
1265
1131
1131
1131
1131
1131
992
992
992
992
992
992
889
889
889
889
889
795
795
795
795
795
770
770
770
770
770
770
748
748
748
748
748
768
768
768
768
768
807
807
807
807
807
807
894
894
894
894
894
1059
1059
1059
1059
1059
1247
1247
1247
1247
1247
1247
1430
1430
1430
1430
1430
1578
1578
1578
1578
1578
1623
1623
1623
1623
1623
1623
1560
1560
1560
1560
1560
1394
1394
1394
1394
1394
1201
1201
1201
1201
1201
1201
1039
1039
1039
1039
1039
906
906
906
906
906
822
822
822
822
822
822
773
773
773
773
773
778
778
778
778
778
803
803
803
803
803
803
836
836
836
836
836
922
922
922
922
922
975
975
975
975
975
975
1059
1059
1059
1059
1059
1060
1060
1060
1060
1060
982
982
982
982
982
982
932
932
932
932
932
886
886
886
886
886
836
836
836
836
836
836
809
809
809
809
809
819
819
819
819
819
856
856
856
856
856
856
931
931
931
931
931
1045
1045
1045
1045
1045
1147
1147
1147
1147
1147
1147
1240
1240
1240
1240
1240
1272
1272
1272
1272
1272
1222
1222
1222
1222
1222
1222
1134
1134
1134
1134
1134
1092
1092
1092
1092
1092
1030
1030
1030
1030
1030
1030
993
993
993
993
993
958
958
958
958
958
968
968
968
968
968
968
1055
1055
1055
1055
1055
1139
1139
1139
1139
1139
1283
1283
1283
1283
1283
1283
1347
1347
1347
1347
1347
1361
1361
1361
1361
1361
1316
1316
1316
1316
1316
1316
1212
1212
1212
1212
1212
1050
1050
1050
1050
1050
911
911
911
911
911
911
819
819
819
819
819
751
751
751
751
751
728
728
728
728
728
728
719
719
719
719
719
747
747
747
747
747
809
809
809
809
809
809
894
894
894
894
894
1041
1041
1041
1041
1041
1190
1190
1190
1190
1190
1190
1207
1207
1207
1207
1207
1280
1280
1280
1280
1280
1195
1195
1195
1195
1195
1195
1135
1135
1135
1135
1135
1024
1024
1024
1024
1024
966
966
966
966
966
966
945
945
945
945
945
954
954
954
954
954
993
993
993
993
993
993
1036
1036
1036
1036
1036
1111
1111
1111
1111
1111
1120
1120
1120
1120
1120
1120
1166
1166
1166
1166
1166
1145
1145
1145
1145
1145
1133
1133
1133
1133
1133
1133
1071
1071
1071
1071
1071
1018
1018
1018
1018
1018
1010
1010
1010
1010
1010
1010
986
986
986
986
970
970
970
970
970
978
978
978
978
978
978
1001
1001
1001
1001
1001
1022
1022
1022
1022
1022
1030
1030
1030
1030
1030
1030
1041
1041
1041
1041
1041
1037
1037
1037
1037
1037
967
967
967
967
967
967
900
900
900
900
900
882
882
882
882
882
872
872
872
872
872
872
862
862
862
862
862
864
864
864
864
864
937
937
937
937
937
937
1000
1000
1000
1000
1000
1063
1063
1063
1063
1063
1119
1119
1119
1119
1119
1119
1161
1161
1161
1161
1161
1164
1164
1164
1164
1164
1105
1105
1105
1105
1105
1105
1042
1042
1042
1042
1042
937
937
937
937
937
877
877
877
877
877
877
831
831
831
831
831
815
815
815
815
815
830
830
830
830
830
830
892
892
892
892
892
990
990
990
990
990
1114
1114
1114
1114
1114
1114
1274
1274
1274
1274
1274
1339
1339
1339
1339
1339
1422
1422
1422
1422
1422
1422
1415
1415
1415
1415
1415
1305
1305
1305
1305
1305
1169
1169
1169
1169
1169
1169
1037
1037
1037
1037
1037
938
938
938
938
938
860
860
860
860
860
860
806
806
806
806
806
795
795
795
795
795
816
816
816
816
816
816
866
866
866
866
866
932
932
932
932
932
992
992
992
992
992
992
1075
1075
1075
1075
1075
1131
1131
1131
1131
1131
1134
1134
1134
1134
1134
1134
1118
1118
1118
1118
1118
1024
1024
1024
1024
1024
995
995
995
995
995
995
942
942
942
942
942
933
933
933
933
933
944
944
944
944
944
944
963
963
963
963
963
1015
1015
1015
1015
1015
1066
1066
1066
1066
1066
1066
1092
1092
1092
1092
1092
1089
1089
1089
1089
1089
1082
1082
1082
1082
1082
1082
1048
1048
1048
1048
1048
995
995
995
995
995
944
944
944
944
944
944
911
911
911
911
911
915
915
915
915
915
924
924
924
924
924
924
964
964
964
964
964
1006
1006
1006
1006
1006
1079
1079
1079
1079
1079
1079
1131
1131
1131
1131
1131
1193
1193
1193
1193
1193
1195
1195
1195
1195
1195
1195
1205
1205
1205
1205
1205
1150
1150
1150
1150
1150
1101
1101
1101
1101
1101
1101
1026
1026
1026
1026
1026
931
931
931
931
931
898
898
898
898
898
898
841
841
841
841
841
860
860
860
860
860
865
865
865
865
865
865
908
908
908
908
908
943
943
943
943
943
1001
1001
1001
1001
1001
1001
1054
1054
1054
1054
1054
1082
1082
1082
1082
1082
1081
1081
1081
1081
1081
1081
1019
1019
1019
1019
1019
1048
1048
1048
1048
1048
997
997
997
997
997
997
994
994
994
994
994
952
952
952
952
952
917
917
917
917
917
917
948
948
948
948
948
948
948
948
948
948
998
998
998
998
998
998
1033
1033
1033
1033
1033
1080
1080
1080
1080
1080
1122
1122
1122
1122
1122
1122
1110
1110
1110
1110
1110
1083
1083
1083
1083
1083
1032
1032
1032
1032
1032
1032
974
974
974
974
974
925
925
925
925
925
876
876
876
876
876
876
865
865
865
865
865
894
894
894
894
894
948
948
948
948
948
948
1012
1012
1012
1012
1012
1097
1097
1097
1097
1097
1140
1140
1140
1140
1140
1140
1201
1201
1201
1201
1201
1194
1194
1194
1194
1194
1178
1178
1178
1178
1178
1178
1156
1156
1156
1156
1156
1042
1042
1042
1042
1042
988
988
988
988
988
988
916
916
916
916
916
878
878
878
878
878
836
836
836
836
836
836
845
845
845
845
845
863
863
863
863
863
898
898
898
898
898
898
958
958
958
958
958
1023
1023
1023
1023
1023
1068
1068
1068
1068
1068
1068
1137
1137
1137
1137
1137
1154
1154
1154
1154
1154
1103
1103
1103
1103
1103
1103
1058
1058
1058
1058
1058
969
969
969
969
969
918
918
918
918
918
918
901
901
901
901
901
908
908
908
908
908
938
938
938
938
938
938
997
997
997
997
997
1084
1084
1084
1084
1084
1204
1204
1204
1204
1204
1204
1231
1231
1231
1231
1231
1225
1225
1225
1225
1225
1173
1173
1173
1173
1173
1173
1069
1069
1069
1069
1069
987
987
987
987
987
925
925
925
925
925
925
884
884
884
884
884
893
893
893
893
893
916
916
916
916
916
916
983
983
983
983
983
1068
1068
1068
1068
1068
1158
1158
1158
1158
1158
1158
1168
1168
1168
1168
1168
1172
1172
1172
1172
1172
1070
1070
1070
1070
1070
1070
954
954
954
954
954
886
886
886
886
886
799
799
799
799
799
799
785
785
785
785
785
782
782
782
782
782
817
817
817
817
817
817
876
876
876
876
876
978
978
978
978
978
1104
1104
1104
1104
1104
1104
1183
1183
1183
1183
1183
1220
1220
1220
1220
1220
1215
1215
1215
1215
1215
1215
1174
1174
1174
1174
1174
1119
1119
1119
1119
1119
1083
1083
1083
1083
1083
1083
1022
1022
1022
1022
1022
994
994
994
994
994
968
968
968
968
968
968
968
968
968
968
968
994
994
994
994
994
1012
1012
1012
1012
1012
1012
1019
1019
1019
1019
1019
1042
1042
1042
1042
1042
1057
1057
1057
1057
1057
1057
1105
1105
1105
1105
1105
1084
1084
1084
1084
1084
1049
1049
1049
1049
1049
1049
1015
1015
1015
1015
1015
958
958
958
958
958
900
900
900
900
900
900
868
868
868
868
868
870
870
870
870
870
883
883
883
883
883
883
924
924
924
924
924
972
972
972
972
972
1063
1063
1063
1063
1063
1063
1131
1131
1131
1131
1131
1176
1176
1176
1176
1176
1148
1148
1148
1148
1148
1148
1097
1097
1097
1097
1097
1063
1063
1063
1063
1063
956
956
956
956
956
956
898
898
898
898
898
842
842
842
842
842
832
832
832
832
832
832
856
856
856
856
856
875
875
875
875
875
977
977
977
977
977
977
1109
1109
1109
1109
1109
1230
1230
1230
1230
1230
1309
1309
1309
1309
1309
1309
1372
1372
1372
1372
1372
1322
1322
1322
1322
1322
1267
1267
1267
1267
1267
1267
1139
1139
1139
1139
1139
1039
1039
1039
1039
1039
931
931
931
931
931
931
833
833
833
833
833
826
826
826
826
826
802
802
802
802
802
802
819
819
819
819
819
851
851
851
851
851
933
933
933
933
933