992
992
992
992
977
977
977
977
977
977
969
969
969
969
969
997
997
997
997
997
981
981
981
981
981
981
967
967
967
967
967
968
968
968
968
968
983
983
983
983
983
983
994
994
994
994
994
991
991
991
991
991
984
984
984
984
984
984
952
952
952
952
952
1002
1002
1002
1002
1002
987
987
987
987
987
987
971
971
971
971
971
982
982
982
982
982
959
959
959
959
959
959
986
986
986
986
986
968
968
968
968
968
970
970
970
970
970
970
985
985
985
985
985
972
972
972
972
972
970
970
970
970
970
970
982
982
982
982
982
973
973
973
973
973
1001
1001
1001
1001
1001
1001
960
960
960
960
960
985
985
985
985
985
992
992
992
992
992
992
963
963
963
963
963
1011
1011
1011
1011
1011
982
982
982
982
982
982
990
990
990
990
990
972
972
972
972
972
969
969
969
969
969
969
973
973
973
973
973
994
994
994
994
994
942
942
942
942
942
942
987
987
987
987
987
944
944
944
944
944
984
984
984
984
984
984
1003
1003
1003
1003
1003
972
972
972
972
972
957
957
957
957
957
957
971
971
971
971
971
973
973
973
973
973
976
976
976
976
976
976
981
981
981
981
981
968
968
968
968
968
989
989
989
989
989
989
969
969
969
969
969
968
968
968
968
968
978
978
978
978
978
978
981
981
981
981
981
997
997
997
997
997
956
956
956
956
956
956
984
984
984
984
984
989
989
989
989
989
985
985
985
985
985
985
980
980
980
980
980
979
979
979
979
979
986
986
986
986
986
986
971
971
971
971
971
984
984
984
984
984
972
972
972
972
972
972
957
957
957
957
957
971
971
971
971
971
992
992
992
992
992
992
981
981
981
981
981
978
978
978
978
978
987
987
987
987
987
987
959
959
959
959
959
986
986
986
986
986
960
960
960
960
960
960
991
991
991
991
991
983
983
983
983
983
992
992
992
992
992
992
983
983
983
983
983
985
985
985
985
985
985
985
985
985
985
985
973
973
973
973
973
978
978
978
978
978
974
974
974
974
974
974
987
987
987
987
987
967
967
967
967
967
974
974
974
974
974
974
977
977
977
977
977
969
969
969
969
969
997
997
997
997
997
997
961
961
961
961
961
976
976
976
976
976
993
993
993
993
993
993
969
969
969
969
969
976
976
976
976
976
978
978
978
978
978
978
982
982
982
982
982
982
982
982
982
982
970
970
970
970
970
970
974
974
974
974
974
971
971
971
971
971
965
965
965
965
965
965
981
981
981
981
981
974
974
974
974
974
965
965
965
965
965
965
989
989
989
989
989
952
952
952
952
952
1001
1001
1001
1001
1001
1001
979
979
979
979
979
963
963
963
963
963
995
995
995
995
995
995
975
975
975
975
975
948
948
948
948
948
999
999
999
999
999
999
958
958
958
958
958
989
989
989
989
989
979
979
979
979
979
979
977
977
977
977
977
984
984
984
984
984
957
957
957
957
957
957
1003
1003
1003
1003
1003
961
961
961
961
961
982
982
982
982
982
982
965
965
965
965
965
964
964
964
964
964
967
967
967
967
967
967
985
985
985
985
985
988
988
988
988
988
959
959
959
959
959
959
988
988
988
988
988
955
955
955
955
955
963
963
963
963
963
963
979
979
979
979
979
964
964
964
964
964
970
970
970
970
970
970
964
964
964
964
964
990
990
990
990
990
976
976
976
976
976
976
984
984
984
984
984
964
964
964
964
964
977
977
977
977
977
977
964
964
964
964
964
958
958
958
958
958
974
974
974
974
974
974
977
977
977
977
977
971
971
971
971
971
981
981
981
981
981
981
979
979
979
979
979
988
988
988
988
988
973
973
973
973
973
973
969
969
969
969
969
983
983
983
983
983
978
978
978
978
978
978
995
995
995
995
995
967
967
967
967
967
990
990
990
990
990
990
976
976
976
976
976
996
996
996
996
996
987
987
987
987
987
987
1000
1000
1000
1000
1000
982
982
982
982
982
980
980
980
980
980
980
974
974
974
974
974
993
993
993
993
993
960
960
960
960
960
960
983
983
983
983
983
972
972
972
972
972
969
969
969
969
969
969
968
968
968
968
968
974
974
974
974
974
983
983
983
983
983
983
988
988
988
988
988
995
995
995
995
995
999
999
999
999
999
999
957
957
957
957
957
982
982
982
982
982
979
979
979
979
979
979
971
971
971
971
971
978
978
978
978
978
963
963
963
963
963
963
984
984
984
984
984
976
976
976
976
976
955
955
955
955
955
955
982
982
982
982
982
981
981
981
981
981
967
967
967
967
967
967
979
979
979
979
979
984
984
984
984
984
987
987
987
987
987
987
958
958
958
958
958
959
959
959
959
959
986
986
986
986
986
986
974
974
974
974
974
964
964
964
964
964
973
973
973
973
973
973
966
966
966
966
966
970
970
970
970
970
973
973
973
973
973
973
961
961
961
961
961
982
982
982
982
982
994
994
994
994
994
994
974
974
974
974
974
994
994
994
994
994
973
973
973
973
973
973
979
979
979
979
979
979
979
979
979
979
988
988
988
988
988
988
952
952
952
952
952
967
967
967
967
967
968
968
968
968
968
968
970
970
970
970
970
997
997
997
997
997
990
990
990
990
990
990
972
972
972
972
972
969
969
969
969
969
973
973
973
973
973
973
968
968
968
968
968
1008
1008
1008
1008
1008
932
932
932
932
932
932
988
988
988
988
988
962
962
962
962
962
977
977
977
977
977
977
982
982
982
982
982
950
950
950
950
950
999
999
999
999
999
999
971
971
971
971
971
973
973
973
973
973
974
974
974
974
974
974
976
976
976
976
976
966
966
966
966
966
992
992
992
992
992
992
955
955
955
955
955
969
969
969
969
969
978
978
978
978
978
978
967
967
967
967
967
966
966
966
966
966
967
967
967
967
967
967
985
985
985
985
985
979
979
979
979
979
966
966
966
966
966
966
956
956
956
956
956
977
977
977
977
977
964
964
964
964
964
964
965
965
965
965
965
974
974
974
974
974
990
990
990
990
990
990
959
959
959
959
959
965
965
965
965
965
977
977
977
977
977
977
989
989
989
989
989
973
973
973
973
973
958
958
958
958
958
958
1012
1012
1012
1012
1012
948
948
948
948
948
969
969
969
969
969
969
975
975
975
975
975
985
985
985
985
985
991
991
991
991
991
991
975
975
975
975
975
964
964
964
964
964
980
980
980
980
980
980
963
963
963
963
963
989
989
989
989
989
974
974
974
974
974
974
993
993
993
993
993
974
974
974
974
974
979
979
979
979
979
979
975
975
975
975
975
1005
1005
1005
1005
1005
979
979
979
979
979
979
978
978
978
978
978
994
994
994
994
994
975
975
975
975
975
975
989
989
989
989
989
963
963
963
963
963
981
981
981
981
981
981
986
986
986
986
986
982
982
982
982
982
969
969
969
969
969
969
988
988
988
988
988
970
970
970
970
970
983
983
983
983
983
983
980
980
980
980
980
989
989
989
989
989
970
970
970
970
970
970
984
984
984
984
984
968
968
968
968
968
964
964
964
964
964
964
995
995
995
995
995
967
967
967
967
967
1009
1009
1009
1009
1009
1009
962
962
962
962
962
974
974
974
974
974
986
986
986
986
986
986
982
982
982
982
982
982
982
982
982
982
981
981
981
981
981
981
975
975
975
975
975
997
997
997
997
997
972
972
972
972
972
972
974
974
974
974
974
979
979
979
979
979
969
969
969
969
969
969
970
970
970
970
970
998
998
998
998
998
966
966
966
966
966
966
997
997
997
997
997
986
986
986
986
986
970
970
970
970
970
970
960
960
960
960
960
968
968
968
968
968
971
971
971
971
971
971
988
988
988
988
988
953
953
953
953
953
968
968
968
968
968
968
962
962
962
962
962
963
963
963
963
963
981
981
981
981
981
981
985
985
985
985
985
984
984
984
984
984
973
973
973
973
973
973
988
988
988
988
988
981
981
981
981
981
979
979
979
979
979
979
968
968
968
968
968
998
998
998
998
998
972
972
972
972
972
972
982
982
982
982
982
983
983
983
983
983
982
982
982
982
982
982
973
973
973
973
973
989
989
989
989
989
977
977
977
977
977
977
990
990
990
990
990
981
981
981
981
981
988
988
988
988
988
988
984
984
984
984
984
962
962
962
962
962
979
979
979
979
979
979
975
975
975
975
975
992
992
992
992
992
969
969
969
969
969
969
982
982
982
982
982
988
988
988
988
988
969
969
969
969
969
969
970
970
970
970
970
971
971
971
971
971
983
983
983
983
983
983
990
990
990
990
990
986
986
986
986
986
980
980
980
980
980
980
978
978
978
978
978
968
968
968
968
968
980
980
980
980
980
980
977
977
977
977
977
970
970
970
970
970
997
997
997
997
997
997
974
974
974
974
974
976
976
976
976
976
981
981
981
981
981
981
980
980
980
980
980
978
978
978
978
978
981
981
981
981
981
981
987
987
987
987
987
978
978
978
978
978
979
979
979
979
979
979
967
967
967
967
967
1001
1001
1001
1001
1001
966
966
966
966
966
966
978
978
978
978
978
992
992
992
992
992
970
970
970
970
970
970
973
973
973
973
973
986
986
986
986
986
986
986
986
986
986
986
978
978
978
978
978
974
974
974
974
974
979
979
979
979
979
979
984
984
984
984
984
982
982
982
982
982
972
972
972
972
972
972
971
971
971
971
971
976
976
976
976
976
985
985
985
985
985
985
989
989
989
989
989
970
970
970
970
970
971
971
971
971
971
971
961
961
961
961
961
950
950
950
950
950
953
953
953
953
953
953
962
962
962
962
962
967
967
967
967
967
981
981
981
981
981
981
975
975
975
975
975
944
944
944
944
944
919
919
919
919
919
919
886
886
886
886
886
853
853
853
853
853
821
821
821
821
821
821
793
793
793
793
793
793
793
793
793
793
795
795
795
795
795
795
858
858
858
858
858
941
941
941
941
941
1096
1096
1096
1096
1096
1096
1300
1300
1300
1300
1300
1416
1416
1416
1416
1416
1446
1446
1446
1446
1446
1446
1449
1449
1449
1449
1449
1426
1426
1426
1426
1426
1362
1362
1362
1362
1362
1362
1237
1237
1237
1237
1237
1047
1047
1047
1047
1047
889
889
889
889
889
889
805
805
805
805
805
750
750
750
750
750
709
709
709
709
709
709
703
703
703
703
703
755
755
755
755
755
914
914
914
914
914
914
1187
1187
1187
1187
1187
1421
1421
1421
1421
1421
1605
1605
1605
1605
1605
1605
1708
1708
1708
1708
1708
1709
1709
1709
1709
1709
1610
1610
1610
1610
1610
1610
1410
1410
1410
1410
1410
1176
1176
1176
1176
1176
902
902
902
902
902
902
746
746
746
746
746
675
675
675
675
675
657
657
657
657
657
657
622
622
622
622
622
623
623
623
623
623
618
618
618
618
618
618
621
621
621
621
621
644
644
644
644
644
698
698
698
698
698
698
866
866
866
866
866
1264
1264
1264
1264
1264
1773
1773
1773
1773
1773
1773
2238
2238
2238
2238
2238
2639
2639
2639
2639
2639
2705
2705
2705
2705
2705
2705
2405
2405
2405
2405
2405
1799
1799
1799
1799
1799
1177
1177
1177
1177
1177
1177
771
771
771
771
771
660
660
660
660
660
627
627
627
627
627
627
630
630
630
630
630
678
678
678
678
678
839
839
839
839
839
839
1209
1209
1209
1209
1209
1571
1571
1571
1571
1571
1745
1745
1745
1745
1745
1745
1741
1741
1741
1741
1741
1679
1679
1679
1679
1679
1512
1512
1512
1512
1512
1512
1298
1298
1298
1298
1298
1101
1101
1101
1101
1101
931
931
931
931
931
931
796
796
796
796
796
706
706
706
706
706
659
659
659
659
659
659
636
636
636
636
636
656
656
656
656
656
686
686
686
686
686
686
798
798
798
798
798
1061
1061
1061
1061
1061
1417
1417
1417
1417
1417
1417
1690
1690
1690
1690
1690
1818
1818
1818
1818
1818
1724
1724
1724
1724
1724
1724
1415
1415
1415
1415
1415
1056
1056
1056
1056
1056
797
797
797
797
797
797
714
714
714
714
714
668
668
668
668
668
677
677
677
677
677
677
730
730
730
730
730
802
802
802
802
802
955
955
955
955
955
955
1094
1094
1094
1094
1094
1275
1275
1275
1275
1275
1293
1293
1293
1293
1293
1293
1074
1074
1074
1074
1074
867
867
867
867
867
762
762
762
762
762
762
757
757
757
757
757
767
767
767
767
767
842
842
842
842
842
842
927
927
927
927
927
1000
1000
1000
1000
1000
964
964
964
964
964
964
942
942
942
942
942
930
930
930
930
930
963
963
963
963
963
963
1049
1049
1049
1049
1049
1140
1140
1140
1140
1140
1343
1343
1343
1343
1343
1343
1542
1542
1542
1542
1542
1703
1703
1703
1703
1703
1691
1691
1691
1691
1691
1691
1542
1542
1542
1542
1542
1258
1258
1258
1258
1258
1009
1009
1009
1009
1009
1009
812
812
812
812
812
704
704
704
704
704
675
675
675
675
675
675
661
661
661
661
661
688
688
688
688
688
755
755
755
755
755
755
910
910
910
910
910
1158
1158
1158
1158
1158
1390
1390
1390
1390
1390
1390
1475
1475
1475
1475
1475
1444
1444
1444
1444
1444
1360
1360
1360
1360
1360
1360
1223
1223
1223
1223
1223
1033
1033
1033
1033
1033
827
827
827
827
827
827
736
736
736
736
736
683
683
683
683
683
659
659
659
659
659
659
663
663
663
663
663
707
707
707
707
707
858
858
858
858
858
858
1250
1250
1250
1250
1250
1768
1768
1768
1768
1768
2151
2151
2151
2151
2151
2151
2303
2303
2303
2303
2303
2103
2103
2103
2103
2103
1753
1753
1753
1753
1753
1753
1173
1173
1173
1173
1173
804
804
804
804
804
643
643
643
643
643
643
596
596
596
596
596
594
594
594
594
594
581
581
581
581
581
581
595
595
595
595
595
634
634
634
634
634
747
747
747
747
747
747
1013
1013
1013
1013
1013
1570
1570
1570
1570
1570
2075
2075
2075
2075
2075
2075
2461
2461
2461
2461
2461
2512
2512
2512
2512
2512
2272
2272
2272
2272
2272
2272
1915
1915
1915
1915
1915
1427
1427
1427
1427
1427
1010
1010
1010
1010
1010
1010
758
758
758
758
758
655
655
655
655
655
644
644
644
644
644
644
633
633
633
633
633
635
635
635
635
635
649
649
649
649
649
649
664
664
664
664
664
760
760
760
760
760
971
971
971
971
971
971
1268
1268
1268
1268
1268
1527
1527
1527
1527
1527
1632
1632
1632
1632
1632
1632
1647
1647
1647
1647
1647
1610
1610
1610
1610
1610
1593
1593
1593
1593
1593
1593
1477
1477
1477
1477
1477
1288
1288
1288
1288
1288
1182
1182
1182
1182
1182
1182
1017
1017
1017
1017
1017
926
926
926
926
926
885
885
885
885
885
885
822
822
822
822
822
831
831
831
831
831
788
788
788
788
788
788
761
761
761
761
761
752
752
752
752
752
770
770
770
770
770
770
809
809
809
809
809
856
856
856
856
856
923
923
923
923
923
923
972
972
972
972
972
1050
1050
1050
1050
1050
1101
1101
1101
1101
1101
1101
1080
1080
1080
1080
1080
1044
1044
1044
1044
1044
1082
1082
1082
1082
1082
1082
1090
1090
1090
1090
1090
1152
1152
1152
1152
1152
1220
1220
1220
1220
1220
1220
1289
1289
1289
1289
1289
1239
1239
1239
1239
1239
1167
1167
1167
1167
1167
1167
1069
1069
1069
1069
1069
1052
1052
1052
1052
1052
1073
1073
1073
1073
1073
1073
1095
1095
1095
1095
1095
1005
1005
1005
1005
1005
944
944
944
944
944
944
930
930
930
930
930
846
846
846
846
846
815
815
815
815
815
815
767
767
767
767
767
761
761
761
761
761
793
793
793
793
793
793
810
810
810
810
810
892
892
892
892
892
945
945
945
945
945
945
992
992
992
992
992
935
935
935
935
935
896
896
896
896
896
896
850
850
850
850
850
852
852
852
852
852
858
858
858
858
858
858
847
847
847
847
847
820
820
820
820
820
828
828
828
828
828
828
854
854
854
854
854
876
876
876
876
876
967
967
967
967
967
967
1100
1100
1100
1100
1100
1276
1276
1276
1276
1276
1456
1456
1456
1456
1456
1456
1495
1495
1495
1495
1495
1515
1515
1515
1515
1515
1446
1446
1446
1446
1446
1446
1259
1259
1259
1259
1259
1103
1103
1103
1103
1103
946
946
946
946
946
946
863
863
863
863
863
801
801
801
801
801
773
773
773
773
773
773
770
770
770
770
770
789
789
789
789
789
851
851
851
851
851
851
945
945
945
945
945
1059
1059
1059
1059
1059
1160
1160
1160
1160
1160
1160
1230
1230
1230
1230
1230
1268
1268
1268
1268
1268
1229
1229
1229
1229
1229
1229
1119
1119
1119
1119
1119
1029
1029
1029
1029
1029
919
919
919
919
919
919
832
832
832
832
832
816
816
816
816
816
812
812
812
812
812
812
848
848
848
848
848
878
878
878
878
878
928
928
928
928
928
928
952
952
952
952
952
971
971
971
971
971
985
985
985
985
985
985
981
981
981
981
981
974
974
974
974
974
966
966
966
966
966
966
939
939
939
939
939
884
884
884
884
884
865
865
865
865
865
865
867
867
867
867
867
879
879
879
879
879
888
888
888
888
888
888
966
966
966
966
966
1003
1003
1003
1003
1003
1112
1112
1112
1112
1112
1112
1190
1190
1190
1190
1190
1253
1253
1253
1253
1253
1224
1224
1224
1224
1224
1224
1187
1187
1187
1187
1187
1151
1151
1151
1151
1151
1113
1113
1113
1113
1113
1113
1064
1064
1064
1064
1064
994
994
994
994
994
909
909
909
909
909
909
866
866
866
866
866
800
800
800
800
800
795
795
795
795
795
795
772
772
772
772
772
772
772
772
772
772
759
759
759
759
759
759
791
791
791
791
791
842
842
842
842
842
882
882
882
882
882
882
992
992
992
992
1048
1048
1048
1048
1048
1166
1166
1166
1166
1166
1166
1212
1212
1212
1212
1212
1219
1219
1219
1219
1219
1207
1207
1207
1207
1207
1207
1144
1144
1144
1144
1144
1079
1079
1079
1079
1079
1014
1014
1014
1014
1014
1014
928
928
928
928
928
889
889
889
889
889
848
848
848
848
848
848
840
840
840
840
840
857
857
857
857
857
876
876
876
876
876
876
896
896
896
896
896
889
889
889
889
889
921
921
921
921
921
921
1002
1002
1002
1002
1002
1079
1079
1079
1079
1079
1098
1098
1098
1098
1098
1098
1142
1142
1142
1142
1142
1142
1142
1142
1142
1142
1161
1161
1161
1161
1161
1161
1153
1153
1153
1153
1153
1093
1093
1093
1093
1093
1050
1050
1050
1050
1050
1050
964
964
964
964
964
935
935
935
935
935
923
923
923
923
923
923
906
906
906
906
906
875
875
875
875
875
884
884
884
884
884
884
882
882
882
882
882
881
881
881
881
881
877
877
877
877
877
877
869
869
869
869
869
863
863
863
863
863
871
871
871
871
871
871
889
889
889
889
889
924
924
924
924
924
958
958
958
958
958
958
1024
1024
1024
1024
1024
1044
1044
1044
1044
1044
1053
1053
1053
1053
1053
1053
1080
1080
1080
1080
1080
1044
1044
1044
1044
1044
1036
1036
1036
1036
1036
1036
990
990
990
990
990
985
985
985
985
985
1000
1000
1000
1000
1000
1000
1038
1038
1038
1038
1038
1085
1085
1085
1085
1085
1128
1128
1128
1128
1128
1128
1133
1133
1133
1133
1133
1093
1093
1093
1093
1093
1016
1016
1016
1016
1016
1016
952
952
952
952
952
888
888
888
888
888
832
832
832
832
832
832
794
794
794
794
794
780
780
780
780
780
803
803
803
803
803
803
847
847
847
847
847
926
926
926
926
926
997
997
997
997
997
997
1067
1067
1067
1067
1067
1091
1091
1091
1091
1091
1119
1119
1119
1119
1119
1119
1103
1103
1103
1103
1103
1085
1085
1085
1085
1085
1053
1053
1053
1053
1053
1053
977
977
977
977
977
941
941
941
941
941
894
894
894
894
894
894
882
882
882
882
882
880
880
880
880
880
893
893
893
893
893
893
903
903
903
903
903
945
945
945
945
945
989
989
989
989
989
989
995
995
995
995
995
1004
1004
1004
1004
1004
1033
1033
1033
1033
1033
1033
1000
1000
1000
1000
1000
969
969
969
969
969
951
951
951
951
951
951
957
957
957
957
957
951
951
951
951
951
980
980
980
980
980
980
1002
1002
1002
1002
1002
1016
1016
1016
1016
1016
1047
1047
1047
1047
1047
1047
1029
1029
1029
1029
1029
1003
1003
1003
1003
1003
1016
1016
1016
1016
1016
1016
975
975
975
975
975
947
947
947
947
947
915
915
915
915
915
915
887
887
887
887
887
858
858
858
858
858
860
860
860
860
860
860
892
892
892
892
892
930
930
930
930
930
966
966
966
966
966
966
993
993
993
993
993
993
993
993
993
993
1008
1008
1008
1008
1008
1008
978
978
978
978
978
986
986
986
986
986
968
968
968
968
968
968
982
982
982
982
982
1008
1008
1008
1008
1008
1003
1003
1003
1003
1003
1003
1030
1030
1030
1030
1030
1044
1044
1044
1044
1044
1055
1055
1055
1055
1055
1055
1054
1054
1054
1054
1054
1050
1050
1050
1050
1050
1038
1038
1038
1038
1038
1038
1009
1009
1009
1009
1009
994
994
994
994
994
1004
1004
1004
1004
1004
1004
1014
1014
1014
1014
1014
1019
1019
1019
1019
1019
1011
1011
1011
1011
1011
1011
988
988
988
988
988
967
967
967
967
967
953
953
953
953
953
953
928
928
928
928
928
922
922
922
922
922
909
909
909
909
909
909
884
884
884
884
884
899
899
899
899
899
920
920
920
920
920
920
948
948
948
948
948
964
964
964
964
964
978
978
978
978
978
978
1006
1006
1006
1006
1006
1018
1018
1018
1018
1018
1045
1045
1045
1045
1045
1045
1090
1090
1090
1090
1090
1110
1110
1110
1110
1110
1103
1103
1103
1103
1103
1103
1047
1047
1047
1047
1047
991
991
991
991
991
901
901
901
901
901
901
893
893
893
893
893
840
840
840
840
840
838
838
838
838
838
838
844
844
844
844
844
849
849
849
849
849
880
880
880
880
880
880
912
912
912
912
912
959
959
959
959
959
964
964
964
964
964
964
1012
1012
1012
1012
1012
1017
1017
1017
1017
1017
1001
1001
1001
1001
1001
1001
981
981
981
981
981
1005
1005
1005
1005
1005
988
988
988
988
988
988
985
985
985
985
985
973
973
973
973
973
980
980
980
980
980
980
986
986
986
986
986
973
973
973
973
973
985
985
985
985
985
985
985
985
985
985
985
982
982
982
982
982
959
959
959
959
959
959
972
972
972
972
972
962
962
962
962
962
954
954
954
954
954
954
951
951
951
951
951
923
923
923
923
923
926
926
926
926
926
926
920
920
920
920
920
912
912
912
912
912
939
939
939
939
939
939
920
920
920
920
920
962
962
962
962
962
1000
1000
1000
1000
1000
1000
1021
1021
1021
1021
1021
1067
1067
1067
1067
1067
1083
1083
1083
1083
1083
1083
1110
1110
1110
1110
1110
1091
1091
1091
1091
1091
1091
1091
1091
1091
1091
1091
1051
1051
1051
1051
1051
996
996
996
996
996
974
974
974
974
974
974
905
905
905
905
905
897
897
897
897
897
866
866
866
866
866
866
873
873
873
873
873
911
911
911
911
911
919
919
919
919
919
919
969
969
969
969
969
1020
1020
1020
1020
1020
1035
1035
1035
1035
1035
1035
1020
1020
1020
1020
1020
1016
1016
1016
1016
1016
980
980
980
980
980
980
971
971
971
971
971
911
911
911
911
911
923
923
923
923
923
923
897
897
897
897
897
935
935
935
935
935
952
952
952
952
952
952
973
973
973
973
973
1022
1022
1022
1022
1022
1052
1052
1052
1052
1052
1052
1022
1022
1022
1022
1022
1011
1011
1011
1011
1011
969
969
969
969
969
969
972
972
972
972
972
943
943
943
943
943
897
897
897
897
897
897
898
898
898
898
898
902
902
902
902
902
891
891
891
891
891
891
913
913
913
913
913
917
917
917
917
917
935
935
935
935
935
935
949
949
949
949
949
966
966
966
966
966
965
965
965
965
965
965
969
969
969
969
969
966
966
966
966
966
992
992
992
992
992
992
957
957
957
957
957
968
968
968
968
968
926
926
926
926
926
926
951
951
951
951
951
949
949
949
949
949
919
919
919
919
919
919
954
954
954
954
954
946
946
946
946
946
999
999
999
999
999
999
986
986
986
986
986
984
984
984
984
984
963
963
963
963
963
963
1015
1015
1015
1015
1015
1016
1016
1016
1016
1016
1001
1001
1001
1001
1001
1001
975
975
975
975
975
969
969
969
969
969
966
966
966
966
966
966
957
957
957
957
957
958
958
958
958
958
968
968
968
968
968
968
974
974
974
974
974
969
969
969
969
969
957
957
957