1019
1019
964
964
964
964
964
964
888
888
888
888
888
839
839
839
839
839
789
789
789
789
789
789
793
793
793
793
793
785
785
785
785
785
813
813
813
813
813
813
879
879
879
879
879
947
947
947
947
947
1078
1078
1078
1078
1078
1078
1170
1170
1170
1170
1170
1276
1276
1276
1276
1276
1304
1304
1304
1304
1304
1304
1289
1289
1289
1289
1289
1257
1257
1257
1257
1257
1174
1174
1174
1174
1174
1174
1049
1049
1049
1049
1049
973
973
973
973
973
916
916
916
916
916
916
907
907
907
907
907
907
907
907
907
907
950
950
950
950
950
950
1042
1042
1042
1042
1042
1114
1114
1114
1114
1114
1197
1197
1197
1197
1197
1197
1240
1240
1240
1240
1240
1269
1269
1269
1269
1269
1261
1261
1261
1261
1261
1261
1233
1233
1233
1233
1233
1187
1187
1187
1187
1187
1161
1161
1161
1161
1161
1161
1155
1155
1155
1155
1155
1165
1165
1165
1165
1165
1237
1237
1237
1237
1237
1237
1248
1248
1248
1248
1248
1329
1329
1329
1329
1329
1367
1367
1367
1367
1367
1367
1405
1405
1405
1405
1405
1389
1389
1389
1389
1389
1356
1356
1356
1356
1356
1356
1270
1270
1270
1270
1270
1184
1184
1184
1184
1184
1043
1043
1043
1043
1043
1043
900
900
900
900
900
808
808
808
808
808
753
753
753
753
753
753
739
739
739
739
739
738
738
738
738
738
767
767
767
767
767
767
772
772
772
772
772
817
817
817
817
817
855
855
855
855
855
855
889
889
889
889
889
886
886
886
886
886
873
873
873
873
873
873
810
810
810
810
810
781
781
781
781
781
742
742
742
742
742
742
721
721
721
721
721
712
712
712
712
712
733
733
733
733
733
733
787
787
787
787
787
859
859
859
859
859
988
988
988
988
988
988
1119
1119
1119
1119
1119
1241
1241
1241
1241
1241
1378
1378
1378
1378
1378
1378
1517
1517
1517
1517
1517
1610
1610
1610
1610
1610
1707
1707
1707
1707
1707
1707
1778
1778
1778
1778
1778
1823
1823
1823
1823
1823
1871
1871
1871
1871
1871
1871
1929
1929
1929
1929
1929
1986
1986
1986
1986
1986
2076
2076
2076
2076
2076
2076
2117
2117
2117
2117
2117
2172
2172
2172
2172
2172
2190
2190
2190
2190
2190
2190
2209
2209
2209
2209
2209
2263
2263
2263
2263
2263
2328
2328
2328
2328
2328
2328
2443
2443
2443
2443
2443
2559
2559
2559
2559
2559
2594
2594
2594
2594
2594
2594
2586
2586
2586
2586
2586
2544
2544
2544
2544
2544
2457
2457
2457
2457
2457
2457
2354
2354
2354
2354
2354
2235
2235
2235
2235
2235
2222
2222
2222
2222
2222
2222
2180
2180
2180
2180
2180
2175
2175
2175
2175
2175
2243
2243
2243
2243
2243
2243
2342
2342
2342
2342
2342
2444
2444
2444
2444
2444
2600
2600
2600
2600
2600
2600
2674
2674
2674
2674
2674
2766
2766
2766
2766
2766
2715
2715
2715
2715
2715
2715
2675
2675
2675
2675
2675
2603
2603
2603
2603
2603
2509
2509
2509
2509
2509
2509
2408
2408
2408
2408
2408
2299
2299
2299
2299
2299
2212
2212
2212
2212
2212
2212
2095
2095
2095
2095
2095
2007
2007
2007
2007
2007
1885
1885
1885
1885
1885
1885
1815
1815
1815
1815
1815
1667
1667
1667
1667
1667
1549
1549
1549
1549
1549
1549
1399
1399
1399
1399
1399
1305
1305
1305
1305
1305
1188
1188
1188
1188
1188
1188
1169
1169
1169
1169
1169
1183
1183
1183
1183
1183
1271
1271
1271
1271
1271
1271
1420
1420
1420
1420
1420
1513
1513
1513
1513
1513
1629
1629
1629
1629
1629
1629
1619
1619
1619
1619
1619
1641
1641
1641
1641
1641
1487
1487
1487
1487
1487
1487
1368
1368
1368
1368
1368
1221
1221
1221
1221
1221
1067
1067
1067
1067
1067
1067
1016
1016
1016
1016
1016
936
936
936
936
936
940
940
940
940
940
940
979
979
979
979
979
1039
1039
1039
1039
1039
1085
1085
1085
1085
1085
1085
1205
1205
1205
1205
1205
1201
1201
1201
1201
1201
1243
1243
1243
1243
1243
1243
1201
1201
1201
1201
1201
1149
1149
1149
1149
1149
1111
1111
1111
1111
1111
1111
1024
1024
1024
1024
1024
965
965
965
965
965
956
956
956
956
956
956
921
921
921
921
921
932
932
932
932
932
908
908
908
908
908
908
947
947
947
947
947
951
951
951
951
951
920
920
920
920
920
920
890
890
890
890
890
845
845
845
845
845
814
814
814
814
814
814
793
793
793
793
793
784
784
784
784
784
789
789
789
789
789
789
794
794
794
794
794
828
828
828
828
828
833
833
833
833
833
833
900
900
900
900
900
893
893
893
893
893
925
925
925
925
925
925
867
867
867
867
867
818
818
818
818
818
758
758
758
758
758
758
730
730
730
730
730
695
695
695
695
695
686
686
686
686
686
686
683
683
683
683
683
681
681
681
681
681
716
716
716
716
716
716
718
718
718
718
718
763
763
763
763
763
785
785
785
785
785
785
803
803
803
803
803
790
790
790
790
790
774
774
774
774
774
774
764
764
764
764
764
739
739
739
739
739
726
726
726
726
726
726
709
709
709
709
709
735
735
735
735
735
721
721
721
721
721
721
753
753
753
753
753
798
798
798
798
798
842
842
842
842
842
842
922
922
922
922
922
964
964
964
964
964
1007
1007
1007
1007
1007
1007
1039
1039
1039
1039
1039
1031
1031
1031
1031
1031
1040
1040
1040
1040
1040
1040
1019
1019
1019
1019
1019
980
980
980
980
980
991
991
991
991
991
991
976
976
976
976
976
1032
1032
1032
1032
1032
1070
1070
1070
1070
1070
1070
1160
1160
1160
1160
1160
1218
1218
1218
1218
1218
1289
1289
1289
1289
1289
1289
1319
1319
1319
1319
1319
1341
1341
1341
1341
1341
1342
1342
1342
1342
1342
1342
1302
1302
1302
1302
1302
1271
1271
1271
1271
1271
1237
1237
1237
1237
1237
1237
1166
1166
1166
1166
1166
1139
1139
1139
1139
1139
1095
1095
1095
1095
1095
1095
1104
1104
1104
1104
1104
1116
1116
1116
1116
1116
1140
1140
1140
1140
1140
1140
1190
1190
1190
1190
1190
1213
1213
1213
1213
1213
1278
1278
1278
1278
1278
1278
1247
1247
1247
1247
1247
1224
1224
1224
1224
1224
1165
1165
1165
1165
1165
1165
1093
1093
1093
1093
1093
1045
1045
1045
1045
1045
981
981
981
981
981
981
954
954
954
954
954
923
923
923
923
923
937
937
937
937
937
937
930
930
930
930
930
929
929
929
929
929
927
927
927
927
927
927
907
907
907
907
907
892
892
892
892
892
856
856
856
856
856
856
848
848
848
848
848
801
801
801
801
801
793
793
793
793
793
793
777
777
777
777
777
782
782
782
782
782
780
780
780
780
780
780
777
777
777
777
777
794
794
794
794
794
797
797
797
797
797
797
786
786
786
786
786
783
783
783
783
783
778
778
778
778
778
778
798
798
798
798
798
801
801
801
801
801
823
823
823
823
823
823
833
833
833
833
833
887
887
887
887
887
911
911
911
911
911
911
952
952
952
952
952
971
971
971
971
971
932
932
932
932
932
932
936
936
936
936
936
914
914
914
914
914
901
901
901
901
901
901
930
930
930
930
930
930
930
930
930
930
971
971
971
971
971
971
1055
1055
1055
1055
1055
1110
1110
1110
1110
1110
1175
1175
1175
1175
1175
1175
1213
1213
1213
1213
1213
1259
1259
1259
1259
1259
1281
1281
1281
1281
1281
1281
1269
1269
1269
1269
1269
1245
1245
1245
1245
1245
1210
1210
1210
1210
1210
1210
1149
1149
1149
1149
1149
1148
1148
1148
1148
1148
1100
1100
1100
1100
1100
1100
1102
1102
1102
1102
1102
1089
1089
1089
1089
1089
1050
1050
1050
1050
1050
1050
1018
1018
1018
1018
1018
1017
1017
1017
1017
1017
982
982
982
982
982
982
969
969
969
969
969
962
962
962
962
962
971
971
971
971
971
971
979
979
979
979
979
993
993
993
993
993
985
985
985
985
985
985
987
987
987
987
987
956
956
956
956
956
912
912
912
912
912
912
841
841
841
841
841
811
811
811
811
811
775
775
775
775
775
775
764
764
764
764
764
777
777
777
777
777
766
766
766
766
766
766
783
783
783
783
783
792
792
792
792
792
810
810
810
810
810
810
832
832
832
832
832
862
862
862
862
862
854
854
854
854
854
854
872
872
872
872
872
877
877
877
877
877
874
874
874
874
874
874
890
890
890
890
890
893
893
893
893
893
922
922
922
922
922
922
947
947
947
947
947
984
984
984
984
984
1020
1020
1020
1020
1020
1020
1048
1048
1048
1048
1048
1068
1068
1068
1068
1068
1073
1073
1073
1073
1073
1073
1059
1059
1059
1059
1059
1046
1046
1046
1046
1046
1040
1040
1040
1040
1040
1040
1030
1030
1030
1030
1030
1037
1037
1037
1037
1037
1054
1054
1054
1054
1054
1054
1073
1073
1073
1073
1073
1083
1083
1083
1083
1083
1093
1093
1093
1093
1093
1093
1084
1084
1084
1084
1084
1061
1061
1061
1061
1061
1035
1035
1035
1035
1035
1035
1014
1014
1014
1014
1014
1021
1021
1021
1021
1021
1000
1000
1000
1000
1000
1000
1023
1023
1023
1023
1023
1017
1017
1017
1017
1017
1017
1017
1017
1017
1017
1017
1007
1007
1007
1007
1007
983
983
983
983
983
983
983
983
983
983
983
958
958
958
958
958
941
941
941
941
941
928
928
928
928
928
928
939
939
939
939
939
930
930
930
930
930
961
961
961
961
961
961
962
962
962
962
962
978
978
978
978
978
954
954
954
954
954
954
968
968
968
968
968
942
942
942
942
942
942
942
942
942
942
942
940
940
940
940
940
947
947
947
947
947
995
995
995
995
995
995
1002
1002
1002
1002
1002
1027
1027
1027
1027
1027
1044
1044
1044
1044
1044
1044
1042
1042
1042
1042
1042
1061
1061
1061
1061
1061
1047
1047
1047
1047
1047
1047
1073
1073
1073
1073
1073
1042
1042
1042
1042
1042
1060
1060
1060
1060
1060
1060
1072
1072
1072
1072
1072
1088
1088
1088
1088
1088
1095
1095
1095
1095
1095
1095
1120
1120
1120
1120
1120
1083
1083
1083
1083
1083
1097
1097
1097
1097
1097
1097
1079
1079
1079
1079
1079
1080
1080
1080
1080
1080
1095
1095
1095
1095
1095
1095
1097
1097
1097
1097
1097
1130
1130
1130
1130
1130
1159
1159
1159
1159
1159
1159
1198
1198
1198
1198
1198
1197
1197
1197
1197
1197
1206
1206
1206
1206
1206
1206
1142
1142
1142
1142
1142
1126
1126
1126
1126
1126
1084
1084
1084
1084
1084
1084
1054
1054
1054
1054
1054
1058
1058
1058
1058
1058
1041
1041
1041
1041
1041
1041
1090
1090
1090
1090
1090
1094
1094
1094
1094
1094
1089
1089
1089
1089
1089
1089
1102
1102
1102
1102
1102
1104
1104
1104
1104
1104
1079
1079
1079
1079
1079
1079
1066
1066
1066
1066
1066
1061
1061
1061
1061
1061
1061
1061
1061
1061
1061
1061
1041
1041
1041
1041
1041
1036
1036
1036
1036
1036
1051
1051
1051
1051
1051
1051
1026
1026
1026
1026
1026
1016
1016
1016
1016
1016
1002
1002
1002
1002
1002
1002
978
978
978
978
978
981
981
981
981
981
956
956
956
956
956
956
945
945
945
945
945
963
963
963
963
963
958
958
958
958
958
958
951
951
951
951
951
920
920
920
920
920
890
890
890
890
890
890
886
886
886
886
886
868
868
868
868
868
856
856
856
856
856
856
853
853
853
853
853
864
864
864
864
864
875
875
875
875
875
875
864
864
864
864
864
884
884
884
884
884
878
878
878
878
878
878
869
869
869
869
869
819
819
819
819
819
843
843
843
843
843
843
849
849
849
849
849
835
835
835
835
835
857
857
857
857
857
857
889
889
889
889
889
934
934
934
934
934
932
932
932
932
932
932
945
945
945
945
945
921
921
921
921
921
921
921
921
921
921
921
915
915
915
915
915
910
910
910
910
910
914
914
914
914
914
914
913
913
913
913
913
934
934
934
934
934
967
967
967
967
967
967
1011
1011
1011
1011
1011
1018
1018
1018
1018
1018
1060
1060
1060
1060
1060
1060
1056
1056
1056
1056
1056
1079
1079
1079
1079
1079
1048
1048
1048
1048
1048
1048
1022
1022
1022
1022
1022
1008
1008
1008
1008
1008
1015
1015
1015
1015
1015
1015
1025
1025
1025
1025
1025
1030
1030
1030
1030
1030
1050
1050
1050
1050
1050
1050
1056
1056
1056
1056
1056
1086
1086
1086
1086
1086
1091
1091
1091
1091
1091
1091
1088
1088
1088
1088
1088
1114
1114
1114
1114
1114
1096
1096
1096
1096
1096
1096
1083
1083
1083
1083
1083
1073
1073
1073
1073
1073
1059
1059
1059
1059
1059
1059
1032
1032
1032
1032
1032
1025
1025
1025
1025
1025
1024
1024
1024
1024
1024
1024
1041
1041
1041
1041
1041
1044
1044
1044
1044
1044
1089
1089
1089
1089
1089
1089
1104
1104
1104
1104
1104
1115
1115
1115
1115
1115
1104
1104
1104
1104
1104
1104
1070
1070
1070
1070
1070
1040
1040
1040
1040
1040
1010
1010
1010
1010
1010
1010
1002
1002
1002
1002
1002
987
987
987
987
987
1003
1003
1003
1003
1003
1003
1005
1005
1005
1005
1005
1020
1020
1020
1020
1020
1061
1061
1061
1061
1061
1061
1056
1056
1056
1056
1056
1054
1054
1054
1054
1054
1032
1032
1032
1032
1032
1032
1035
1035
1035
1035
1035
970
970
970
970
970
981
981
981
981
981
981
957
957
957
957
957
982
982
982
982
982
972
972
972
972
972
972
945
945
945
945
945
976
976
976
976
976
967
967
967
967
967
967
977
977
977
977
977
972
972
972
972
972
987
987
987
987
987
987
957
957
957
957
957
986
986
986
986
986
985
985
985
985
985
985
986
986
986
986
986
989
989
989
989
989
970
970
970
970
970
970
983
983
983
983
983
924
924
924
924
924
960
960
960
960
960
960
947
947
947
947
947
972
972
972
972
972
967
967
967
967
967
967
999
999
999
999
999
1003
1003
1003
1003
1003
975
975
975
975
975
975
990
990
990
990
990
963
963
963
963
963
960
960
960
960
960
960
950
950
950
950
950
959
959
959
959
959
955
955
955
955
955
955
1000
1000
1000
1000
1000
1003
1003
1003
1003
1003
994
994
994
994
994
994
998
998
998
998
998
977
977
977
977
977
964
964
964
964
964
964
922
922
922
922
922
916
916
916
916
916
903
903
903
903
903
903
907
907
907
907
907
917
917
917
917
917
959
959
959
959
959
959
956
956
956
956
956
995
995
995
995
995
1001
1001
1001
1001
1001
1001
989
989
989
989
989
1006
1006
1006
1006
1006
970
970
970
970
970
970
973
973
973
973
973
954
954
954
954
954
925
925
925
925
925
925
930
930
930
930
930
957
957
957
957
957
998
998
998
998
998
998
1010
1010
1010
1010
1010
1040
1040
1040
1040
1040
1064
1064
1064
1064
1064
1064
1084
1084
1084
1084
1084
1049
1049
1049
1049
1049
1086
1086
1086
1086
1086
1086
1072
1072
1072
1072
1072
1063
1063
1063
1063
1063
1059
1059
1059
1059
1059
1059
1055
1055
1055
1055
1055
1068
1068
1068
1068
1068
1094
1094
1094
1094
1094
1094
1113
1113
1113
1113
1113
1111
1111
1111
1111
1111
1101
1101
1101
1101
1101
1101
1119
1119
1119
1119
1119
1092
1092
1092
1092
1092
1084
1084
1084
1084
1084
1084
1093
1093
1093
1093
1093
1083
1083
1083
1083
1083
1080
1080
1080
1080
1080
1080
1078
1078
1078
1078
1078
1069
1069
1069
1069
1069
1092
1092
1092
1092
1092
1092
1064
1064
1064
1064
1064
1057
1057
1057
1057
1057
1047
1047
1047
1047
1047
1047
1035
1035
1035
1035
1035
999
999
999
999
999
992
992
992
992
992
992
971
971
971
971
971
976
976
976
976
976
962
962
962
962
962
962
969
969
969
969
969
963
963
963
963
963
961
961
961
961
961
961
976
976
976
976
976
985
985
985
985
985
957
957
957
957
957
957
961
961
961
961
961
945
945
945
945
945
956
956
956
956
956
956
942
942
942
942
942
927
927
927
927
927
937
937
937
937
937
937
927
927
927
927
927
911
911
911
911
911
922
922
922
922
922
922
943
943
943
943
943
939
939
939
939
939
940
940
940
940
940
940
947
947
947
947
947
947
947
947
947
947
924
924
924
924
924
924
926
926
926
926
926
943
943
943
943
943
918
918
918
918
918
918
907
907
907
907
907
906
906
906
906
906
914
914
914
914
914
914
921
921
921
921
921
935
935
935
935
935
924
924
924
924
924
924
947
947
947
947
947
947
947
947
947
947
970
970
970
970
970
970
986
986
986
986
986
954
954
954
954
954
971
971
971
971
971
971
933
933
933
933
933
936
936
936
936
936
930
930
930
930
930
930
914
914
914
914
914
915
915
915
915
915
920
920
920
920
920
920
962
962
962
962
962
976
976
976
976
976
966
966
966
966
966
966
994
994
994
994
994
979
979
979
979
979
972
972
972
972
972
972
984
984
984
984
984
953
953
953
953
953
936
936
936
936
936
936
949
949
949
949
949
971
971
971
971
971
976
976
976
976
976
976
974
974
974
974
974
1009
1009
1009
1009
1009
998
998
998
998
998
998
1020
1020
1020
1020
1020
1013
1013
1013
1013
1013
1000
1000
1000
1000
1000
1000
1005
1005
1005
1005
1005
972
972
972
972
972
994
994
994
994
994
994
1004
1004
1004
1004
1004
1008
1008
1008
1008
1008
1039
1039
1039
1039
1039
1039
1042
1042
1042
1042
1042
1038
1038
1038
1038
1038
1025
1025
1025
1025
1025
1025
1016
1016
1016
1016
1016
1001
1001
1001
1001
1001
973
973
973
973
973
973
987
987
987
987
987
972
972
972
972
972
1002
1002
1002
1002
1002
1002
988
988
988
988
988
1005
1005
1005
1005
1005
1006
1006
1006
1006
1006
1006
1001
1001
1001
1001
1001
999
999
999
999
999
1002
1002
1002
1002
1002
1002
979
979
979
979
979
974
974
974
974
974
974
974
974
974
974
974
971
971
971
971
971
978
978
978
978
978
991
991
991
991
991
991
972
972
972
972
972
974
974
974
974
974
977
977
977
977
977
977
965
965
965
965
965
963
963
963
963
963
955
955
955
955
955
955
958
958
958
958
958
965
965
965
965
965
948
948
948
948
948
948
965
965
965
965
965
957
957
957
957
957
973
973
973
973
973
973
973
973
973
973
973
960
960
960
960
960
951
951
951
951
951
951
948
948
948
948
948
953
953
953
953
953
955
955
955
955
955
955
959
959
959
959
959
945
945
945
945
945
956
956
956
956
956
956
949
949
949
949
949
947
947
947
947
947
942
942
942
942
942
942
949
949
949
949
949
944
944
944
944
944
951
951
951
951
951
951
952
952
952
952
952
950
950
950
950
950
963
963
963
963
963
963
954
954
954
954
954
949
949
949
949
949
946
946
946
946
946
946
941
941
941
941
941
933
933
933
933
933
945
945
945
945
945
945
951
951
951
951
951
941
941
941
941
941
949
949
949
949
949
949
958
958
958
958
958
930
930
930
930
930
962
962
962
962
962
962
949
949
949
949
949
921
921
921
921
921
936
936
936
936
936
936
944
944
944
944
944
945
945
945
945
945
948
948
948
948
948
948
952
952
952
952
952
957
957
957
957
957
983
983
983
983
983
983
977
977
977
977
977
983
983
983
983
983
992
992
992
992
992
992
968
968
968
968
968
965
965
965
965
965
969
969
969
969
969
969
948
948
948
948
948
942
942
942
942
942
955
955
955
955
955
955
942
942
942
942
942
964
964
964
964
964
979
979
979
979
979
979
981
981
981
981
981
1010
1010
1010
1010
1010
1009
1009
1009
1009
1009
1009
1010
1010
1010
1010
1010
998
998
998
998
998
998
998
998
998
998
998
957
957
957
957
957
969
969
969
969
969
960
960
960
960
960
960
957
957
957
957
957
975
975
975
975
975
996
996
996
996
996
996
1009
1009
1009
1009
1009
996
996
996
996
996
1003
1003
1003
1003
1003
1003
1012
1012
1012
1012
1012
1018
1018
1018
1018
1018
995
995
995
995
995
995
971
971
971
971
971
991
991
991
991
991
966
966
966
966
966
966
965
965
965
965
965
972
972
972
972
972
981
981
981
981
981
981
1000
1000
1000
1000
1000
980
980
980
980
980
980
980
980
980
980
980
993
993
993
993
993
978
978
978
978
978
971
971
971
971
971
971
949
949
949
949
949
950
950
950
950
950
958
958
958
958
958
958
968
968
968
968
968
962
962
962
962
962
952
952
952
952
952
952
958
958
958
958
958
978
978
978
978
978
963
963
963
963
963
963
966
966
966
966
966
959
959
959
959
959
946
946
946
946
946
946
958
958
958
958
958
959
959
959
959
959
968
968
968
968
968
968
946
946
946
946
946
934
934
934
934
934
940
940
940
940
940
940
934
934
934
934
934
964
964
964
964
964
953
953
953
953
953
953
962
962
962
962
962
955
955
955
955
955
969
969
969
969
969
969
963
963
963
963
963
960
960
960
960
960
956
956
956
956
956
956
956
956
956
956
956
969
969
969
969
969
961
961
961
961
961
961
948
948
948
948
948
943
943
943
943
943
960
960
960
960
960
960
963
963
963
963
963
955
955
955
955
955
973
973
973
973
973
973
980
980
980
980
980
982
982
982
982
982
991
991
991
991
991
991
974
974
974
974
974
968
968
968
968
968
973
973
973
973
973
973
957
957
957
957
957
969
969
969
969
969
959
959
959
959
959
959
957
957
957
957
957
964
964
964
964
964
987
987
987
987
987
987
983
983
983
983
983
974
974
974
974
974
983
983
983
983
983
983
1002
1002
1002
1002
1002
974
974
974
974
974
956
956
956
956
956
956
976
976
976
976
976
965
965
965
965
965
967
967
967
967
967
967
963
963
963
963
963
970
970
970
970
970
990
990
990
990
990
990
980
980
980
980
980
996
996
996
996
996
996
996
996
996
996
996
979
979
979
979
979
975
975
975
975
975
952
952
952
952
952
952
968
968
968
968
968
937
937
937
937
937
973
973
973
973
973
973
955
955
955
955
955
961
961
961
961
961
965
965
965
965
965
965
964
964
964
964
964
980
980
980
980
980
976
976
976
976
976
976
971
971
971
971
971
969
969
969
969
969
973
973
973
973
973
973
984
984
984
984
984
955
955
955
955
955
948
948
948
948
948
948
967
967
967
967
967
963
963
963
963
963
946
946
946
946
946
946
976
976
976
976
976
945
945
945
945
945
955
955
955
955
955
955
953
953
953
953
953
956
956
956
956
956
959
959
959
959
959
959
949
949
949
949
949
968
968
968
968
968
956
956
956
956
956
956
954
954
954
954
954
954
954
954
954
954
953
953
953
953
953
953
952
952
952
952
952
979
979
979
979
979
953
953
953
953
953
953
968
968
968
968
968
961
961
961
961
961
958
958
958
958
958
958
971
971
971
971
971
971
971
971
971
971
977
977
977
977
977
977
950
950
950
950
950
979
979
979
979
979
956
956
956
956
956
956
980
980
980
980
980
948
948
948
948
948
972
972
972
972
972
972
963
963
963
963
963
962
962
962
962
962
985
985
985
985
985
985
976
976
976
976
976
1028
1028
1028
1028
1028
981
981
981
981
981
981
1009
1009
1009
1009
1009
994
994
994
994
994
982
982
982
982
982
982
982
982
982
982
982
985
985
985
985
985
1008
1008
1008
1008
1008
1008
979
979
979
979
979
1024
1024
1024
1024
1024
987
987
987
987
987
987
1023
1023
1023
1023
1023
1022
1022
1022
1022
1022
1023
1023
1023
1023
1023
1023
1015
1015
1015
1015
1015
1024
1024
1024
1024
1024
1013
1013
1013
1013
1013
1013
1007
1007
1007
1007
1007
1013
1013
1013
1013
1013
1024
1024
1024
1024
1024
1024
1010
1010
1010
1010
1010
1001
1001
1001
1001
1001
1000
1000
1000
1000
1000
1000
1018
1018
1018
1018
1018
1026
1026
1026
1026
1026
1010
1010
1010
1010
1010
1010
1010
1010
1010
1010
1010
1017
1017
1017
1017
1017
988
988
988
988
988
988
1027
1027
1027
1027
1027
1002
1002
1002
1002
1002
1008
1008
1008
1008
1008
1008
1008
1008
1008
1008
1008
1011
1011
1011
1011
1011
997
997
997
997
997
997
1010
1010
1010
1010
1010
1001
1001
1001
1001
1001
1004
1004
1004
1004
1004
1004
1003
1003
1003
1003
1003
1007
1007
1007
1007
1007
1007
1007
1007
1007
1007
1007
1004
1004
1004
1004
1004
1035
1035
1035
1035
1035
1015
1015
1015
1015
1015
1015
1012
1012
1012
1012
1012
996
996
996
996
996
1002
1002
1002
1002
1002
1002
1002
1002
1002
1002
1002
965
965
965
965
965
995
995
995
995
995
995
994
994
994
994
994
1002
1002
1002
1002
1002
996
996
996
996
996
996
1009
1009
1009
1009
1009
989
989
989
989
989
1018
1018
1018
1018
1018
1018
981
981
981
981
981
983
983
983
983
983
987
987
987
987
987
987
982
982
982
982
982
960
960
960
960
960
970
970
970
970
970
970
972
972
972
972
972
987
987
987
987
987
1001
1001
1001
1001
1001
1001
1009
1009
1009
1009
1009
1008
1008
1008
1008
1008
996
996
996
996
996
996
999
999
999
999
999
1002
1002
1002
1002
1002
977
977
977
977
977
977
981
981
981
981
981
973
973
973
973
973
979
979
979
979
979
979
997
997
997
997
997
965
965
965
965
965
1009
1009
1009
1009
1009
1009
1002
1002
1002
1002
1002
996
996
996
996
996
1009
1009
1009
1009
1009
1009
1012
1012
1012
1012
1012
1005
1005
1005
1005
1005
988
988
988
988
988
988
988
988
988
988
988
1004
1004
1004
1004
1004
977
977
977
977
977