944
944
944
942
942
942
942
942
936
936
936
936
936
942
942
942
942
942
942
945
945
945
945
945
928
928
928
928
928
941
941
941
941
941
941
938
938
938
938
938
940
940
940
940
940
944
944
944
944
944
944
941
941
941
941
941
943
943
943
943
943
936
936
936
936
936
936
948
948
948
948
948
939
939
939
939
939
939
939
939
939
939
939
949
949
949
949
949
942
942
942
942
942
937
937
937
937
937
937
937
937
937
937
937
936
936
936
936
936
946
946
946
946
946
946
935
935
935
935
935
947
947
947
947
947
948
948
948
948
948
948
937
937
937
937
937
949
949
949
949
949
941
941
941
941
941
941
945
945
945
945
945
940
940
940
940
940
944
944
944
944
944
944
944
944
944
944
944
938
938
938
938
938
944
944
944
944
944
944
939
939
939
939
939
939
939
939
939
939
937
937
937
937
937
937
951
951
951
951
951
943
943
943
943
943
947
947
947
947
947
947
939
939
939
939
939
946
946
946
946
946
930
930
930
930
930
930
937
937
937
937
937
942
942
942
942
942
943
943
943
943
943
943
935
935
935
935
935
934
934
934
934
934
937
937
937
937
937
937
937
937
937
937
937
936
936
936
936
936
945
945
945
945
945
945
939
939
939
939
939
942
942
942
942
942
941
941
941
941
941
941
947
947
947
947
947
942
942
942
942
942
939
939
939
939
939
939
942
942
942
942
942
944
944
944
944
944
946
946
946
946
946
946
941
941
941
941
941
943
943
943
943
943
940
940
940
940
940
940
942
942
942
942
942
944
944
944
944
944
937
937
937
937
937
937
940
940
940
940
940
950
950
950
950
950
942
942
942
942
942
942
947
947
947
947
947
939
939
939
939
939
938
938
938
938
938
938
946
946
946
946
946
940
940
940
940
940
948
948
948
948
948
948
944
944
944
944
944
937
937
937
937
937
942
942
942
942
942
942
941
941
941
941
941
938
938
938
938
938
929
929
929
929
929
929
944
944
944
944
944
940
940
940
940
940
948
948
948
948
948
948
936
936
936
936
936
934
934
934
934
934
940
940
940
940
940
940
938
938
938
938
938
942
942
942
942
942
949
949
949
949
949
949
941
941
941
941
941
940
940
940
940
940
945
945
945
945
945
945
944
944
944
944
944
938
938
938
938
938
942
942
942
942
942
942
941
941
941
941
941
942
942
942
942
942
943
943
943
943
943
943
938
938
938
938
938
948
948
948
948
948
946
946
946
946
946
946
931
931
931
931
931
945
945
945
945
945
934
934
934
934
934
934
953
953
953
953
953
943
943
943
943
943
944
944
944
944
944
944
950
950
950
950
950
931
931
931
931
931
953
953
953
953
953
953
947
947
947
947
947
946
946
946
946
946
944
944
944
944
944
944
948
948
948
948
948
940
940
940
940
940
943
943
943
943
943
943
943
943
943
943
943
942
942
942
942
942
945
945
945
945
945
945
932
932
932
932
932
945
945
945
945
945
939
939
939
939
939
939
950
950
950
950
950
941
941
941
941
941
942
942
942
942
942
942
941
941
941
941
941
943
943
943
943
943
944
944
944
944
944
944
939
939
939
939
939
948
948
948
948
948
937
937
937
937
937
937
951
951
951
951
951
940
940
940
940
940
943
943
943
943
943
943
937
937
937
937
937
939
939
939
939
939
944
944
944
944
944
944
944
944
944
944
944
948
948
948
948
948
949
949
949
949
949
949
943
943
943
943
943
946
946
946
946
946
943
943
943
943
943
943
934
934
934
934
934
947
947
947
947
947
943
943
943
943
943
943
943
943
943
943
943
942
942
942
942
942
944
944
944
944
944
944
943
943
943
943
943
947
947
947
947
947
941
941
941
941
941
941
946
946
946
946
946
943
943
943
943
943
936
936
936
936
936
936
947
947
947
947
947
936
936
936
936
936
945
945
945
945
945
945
937
937
937
937
937
935
935
935
935
935
943
943
943
943
943
943
943
943
943
943
943
940
940
940
940
940
944
944
944
944
944
944
937
937
937
937
937
939
939
939
939
939
947
947
947
947
947
947
939
939
939
939
939
933
933
933
933
933
938
938
938
938
938
938
938
938
938
938
938
951
951
951
951
951
942
942
942
942
942
942
948
948
948
948
948
938
938
938
938
938
945
945
945
945
945
945
948
948
948
948
948
945
945
945
945
945
937
937
937
937
937
937
940
940
940
940
940
940
940
940
940
940
936
936
936
936
936
936
940
940
940
940
940
942
942
942
942
942
956
956
956
956
956
956
936
936
936
936
936
949
949
949
949
949
940
940
940
940
940
940
940
940
940
940
940
941
941
941
941
941
942
942
942
942
942
942
942
942
942
942
942
943
943
943
943
943
947
947
947
947
947
947
945
945
945
945
945
951
951
951
951
951
931
931
931
931
931
931
949
949
949
949
949
933
933
933
933
933
941
941
941
941
941
941
937
937
937
937
937
934
934
934
934
934
943
943
943
943
943
943
943
943
943
943
943
940
940
940
940
940
940
940
940
940
940
940
949
949
949
949
949
943
943
943
943
943
945
945
945
945
945
945
940
940
940
940
940
950
950
950
950
950
936
936
936
936
936
936
937
937
937
937
937
943
943
943
943
943
935
935
935
935
935
935
943
943
943
943
943
937
937
937
937
937
943
943
943
943
943
943
939
939
939
939
939
954
954
954
954
954
939
939
939
939
939
939
941
941
941
941
941
941
941
941
941
941
945
945
945
945
945
945
938
938
938
938
938
958
958
958
958
958
935
935
935
935
935
935
940
940
940
940
940
944
944
944
944
944
945
945
945
945
945
945
938
938
938
938
938
948
948
948
948
948
945
945
945
945
945
945
944
944
944
944
944
933
933
933
933
933
936
936
936
936
936
936
932
932
932
932
932
952
952
952
952
952
937
937
937
937
937
937
951
951
951
951
951
943
943
943
943
943
934
934
934
934
934
934
940
940
940
940
940
936
936
936
936
936
945
945
945
945
945
945
944
944
944
944
944
949
949
949
949
949
941
941
941
941
941
941
949
949
949
949
949
930
930
930
930
930
937
937
937
937
937
937
937
937
937
937
937
935
935
935
935
935
942
942
942
942
942
942
934
934
934
934
934
941
941
941
941
941
930
930
930
930
930
930
945
945
945
945
945
946
946
946
946
946
953
953
953
953
953
953
939
939
939
939
939
932
932
932
932
932
955
955
955
955
955
955
935
935
935
935
935
944
944
944
944
944
934
934
934
934
934
934
944
944
944
944
944
943
943
943
943
943
945
945
945
945
945
945
937
937
937
937
937
943
943
943
943
943
940
940
940
940
940
940
939
939
939
939
939
951
951
951
951
951
945
945
945
945
945
945
951
951
951
951
951
934
934
934
934
934
937
937
937
937
937
937
949
949
949
949
949
930
930
930
930
930
932
932
932
932
932
932
942
942
942
942
942
934
934
934
934
934
947
947
947
947
947
947
931
931
931
931
931
944
944
944
944
944
948
948
948
948
948
948
939
939
939
939
939
936
936
936
936
936
937
937
937
937
937
937
950
950
950
950
950
934
934
934
934
934
946
946
946
946
946
946
948
948
948
948
948
948
948
948
948
948
945
945
945
945
945
945
935
935
935
935
935
945
945
945
945
945
944
944
944
944
944
944
938
938
938
938
938
943
943
943
943
943
941
941
941
941
941
941
930
930
930
930
930
943
943
943
943
943
936
936
936
936
936
936
941
941
941
941
941
942
942
942
942
942
946
946
946
946
946
946
946
946
946
946
946
937
937
937
937
937
946
946
946
946
946
946
943
943
943
943
943
948
948
948
948
948
942
942
942
942
942
942
936
936
936
936
936
935
935
935
935
935
943
943
943
943
943
943
939
939
939
939
939
945
945
945
945
945
930
930
930
930
930
930
945
945
945
945
945
945
945
945
945
945
941
941
941
941
941
941
941
941
941
941
941
937
937
937
937
937
930
930
930
930
930
930
947
947
947
947
947
941
941
941
941
941
941
941
941
941
941
941
945
945
945
945
945
939
939
939
939
939
935
935
935
935
935
935
944
944
944
944
944
937
937
937
937
937
946
946
946
946
946
946
944
944
944
944
944
938
938
938
938
938
941
941
941
941
941
941
941
941
941
941
941
954
954
954
954
954
945
945
945
945
945
945
937
937
937
937
937
943
943
943
943
943
940
940
940
940
940
940
943
943
943
943
943
942
942
942
942
942
937
937
937
937
937
937
950
950
950
950
950
936
936
936
936
936
940
940
940
940
940
940
947
947
947
947
947
943
943
943
943
943
937
937
937
937
937
937
942
942
942
942
942
952
952
952
952
952
935
935
935
935
935
935
934
934
934
934
934
945
945
945
945
945
947
947
947
947
947
947
948
948
948
948
948
940
940
940
940
940
946
946
946
946
946
946
951
951
951
951
951
938
938
938
938
938
943
943
943
943
943
943
944
944
944
944
944
940
940
940
940
940
938
938
938
938
938
938
942
942
942
942
942
933
933
933
933
933
940
940
940
940
940
940
938
938
938
938
938
954
954
954
954
954
944
944
944
944
944
942
942
942
942
942
951
951
951
951
951
943
943
943
943
943
943
936
936
936
936
936
944
944
944
944
944
943
943
943
943
943
943
942
942
942
942
942
953
953
953
953
953
940
940
940
940
940
940
945
945
945
945
945
931
931
931
931
931
940
940
940
940
940
940
940
940
940
940
940
940
940
940
940
940
944
944
944
944
944
944
955
955
955
955
955
940
940
940
940
940
950
950
950
950
950
950
946
946
946
946
946
941
941
941
941
941
937
937
937
937
937
937
942
942
942
942
942
933
933
933
933
933
941
941
941
941
941
941
941
941
941
941
941
936
936
936
936
936
943
943
943
943
943
943
946
946
946
946
946
933
933
933
933
933
942
942
942
942
942
942
941
941
941
941
941
938
938
938
938
938
940
940
940
940
940
940
940
940
940
940
940
943
943
943
943
943
943
943
943
943
943
943
939
939
939
939
939
951
951
951
951
951
938
938
938
938
938
938
947
947
947
947
947
949
949
949
949
949
936
936
936
936
936
936
943
943
943
943
943
946
946
946
946
946
941
941
941
941
941
941
941
941
941
941
941
951
951
951
951
951
946
946
946
946
946
946
941
941
941
941
941
936
936
936
936
936
942
942
942
942
942
942
942
942
942
942
942
940
940
940
940
940
934
934
934
934
934
934
942
942
942
942
942
946
946
946
946
946
940
940
940
940
940
940
941
941
941
941
941
941
941
941
941
941
945
945
945
945
945
945
943
943
943
943
943
939
939
939
939
939
944
944
944
944
944
944
943
943
943
943
943
933
933
933
933
933
942
942
942
942
942
942
954
954
954
954
954
936
936
936
936
936
946
946
946
946
946
946
934
934
934
934
934
948
948
948
948
948
944
944
944
944
944
944
930
930
930
930
930
934
934
934
934
934
936
936
936
936
936
936
941
941
941
941
941
943
943
943
943
943
939
939
939
939
939
939
937
937
937
937
937
939
939
939
939
939
951
951
951
951
951
951
946
946
946
946
946
939
939
939
939
939
944
944
944
944
944
944
941
941
941
941
941
948
948
948
948
948
941
941
941
941
941
941
944
944
944
944
944
945
945
945
945
945
933
933
933
933
933
933
932
932
932
932
932
934
934
934
934
934
944
944
944
944
944
944
948
948
948
948
948
941
941
941
941
941
945
945
945
945
945
945
943
943
943
943
943
937
937
937
937
937
940
940
940
940
940
940
939
939
939
939
939
946
946
946
946
946
940
940
940
940
940
940
939
939
939
939
939
942
942
942
942
942
939
939
939
939
939
939
943
943
943
943
943
929
929
929
929
929
936
936
936
936
936
936
946
946
946
946
946
946
946
946
946
946
940
940
940
940
940
940
935
935
935
935
935
946
946
946
946
946
938
938
938
938
938
938
935
935
935
935
935
939
939
939
939
939
937
937
937
937
937
937
936
936
936
936
936
941
941
941
941
941
942
942
942
942
942
942
937
937
937
937
937
939
939
939
939
939
943
943
943
943
943
943
938
938
938
938
938
940
940
940
940
940
935
935
935
935
935
935
947
947
947
947
947
951
951
951
951
951
938
938
938
938
938
938
940
940
940
940
940
939
939
939
939
939
946
946
946
946
946
946
944
944
944
944
944
945
945
945
945
945
939
939
939
939
939
939
947
947
947
947
947
934
934
934
934
934
945
945
945
945
945
945
940
940
940
940
940
942
942
942
942
942
941
941
941
941
941
941
940
940
940
940
940
943
943
943
943
943
937
937
937
937
937
937
939
939
939
939
939
936
936
936
936
936
938
938
938
938
938
938
946
946
946
946
946
939
939
939
939
939
931
931
931
931
931
931
932
932
932
932
932
943
943
943
943
943
945
945
945
945
945
945
940
940
940
940
940
945
945
945
945
945
936
936
936
936
936
936
937
937
937
937
937
944
944
944
944
944
938
938
938
938
938
938
940
940
940
940
940
941
941
941
941
941
942
942
942
942
942
942
946
946
946
946
946
939
939
939
939
939
942
942
942
942
942
942
942
942
942
942
942
943
943
943
943
943
938
938
938
938
938
938
935
935
935
935
935
939
939
939
939
939
952
952
952
952
952
952
934
934
934
934
934
943
943
943
943
943
944
944
944
944
944
944
942
942
942
942
942
947
947
947
947
947
944
944
944
944
944
944
938
938
938
938
938
946
946
946
946
946
935
935
935
935
935
935
941
941
941
941
941
945
945
945
945
945
944
944
944
944
944
944
947
947
947
947
947
947
947
947
947
947
950
950
950
950
950
950
934
934
934
934
934
947
947
947
947
947
935
935
935
935
935
935
943
943
943
943
943
940
940
940
940
940
932
932
932
932
932
932
940
940
940
940
940
937
937
937
937
937
941
941
941
941
941
941
951
951
951
951
951
925
925
925
925
925
940
940
940
940
940
940
942
942
942
942
942
950
950
950
950
950
937
937
937
937
937
937
943
943
943
943
943
925
925
925
925
925
877
877
877
877
877
877
805
805
805
805
805
697
697
697
697
697
591
591
591
591
591
591
516
516
516
516
516
534
534
534
534
534
584
584
584
584
584
584
707
707
707
707
707
856
856
856
856
856
989
989
989
989
989
989
1104
1104
1104
1104
1104
1179
1179
1179
1179
1179
1197
1197
1197
1197
1197
1197
1171
1171
1171
1171
1171
1126
1126
1126
1126
1126
1070
1070
1070
1070
1070
1070
1035
1035
1035
1035
1035
1023
1023
1023
1023
1023
1083
1083
1083
1083
1083
1083
1148
1148
1148
1148
1148
1219
1219
1219
1219
1219
1277
1277
1277
1277
1277
1277
1283
1283
1283
1283
1283
1283
1283
1283
1283
1283
1237
1237
1237
1237
1237
1237
1161
1161
1161
1161
1161
1046
1046
1046
1046
1046
938
938
938
938
938
938
845
845
845
845
845
796
796
796
796
796
781
781
781
781
781
781
755
755
755
755
755
761
761
761
761
761
761
761
761
761
761
761
797
797
797
797
797
781
781
781
781
781
756
756
756
756
756
756
731
731
731
731
731
667
667
667
667
667
640
640
640
640
640
640
603
603
603
603
603
594
594
594
594
594
602
602
602
602
602
602
666
666
666
666
666
767
767
767
767
767
885
885
885
885
885
885
1013
1013
1013
1013
1013
1134
1134
1134
1134
1134
1254
1254
1254
1254
1254
1254
1327
1327
1327
1327
1327
1395
1395
1395
1395
1395
1388
1388
1388
1388
1388
1388
1368
1368
1368
1368
1368
1310
1310
1310
1310
1310
1228
1228
1228
1228
1228
1228
1129
1129
1129
1129
1129
1056
1056
1056
1056
1056
987
987
987
987
987
987
924
924
924
924
924
867
867
867
867
867
849
849
849
849
849
849
827
827
827
827
827
856
856
856
856
856
892
892
892
892
892
892
906
906
906
906
906
940
940
940
940
940
948
948
948
948
948
948
949
949
949
949
949
927
927
927
927
927
917
917
917
917
917
917
891
891
891
891
891
902
902
902
902
902
889
889
889
889
889
889
876
876
876
876
876
864
864
864
864
864
878
878
878
878
878
878
897
897
897
897
897
909
909
909
909
909
934
934
934
934
934
934
964
964
964
964
964
996
996
996
996
996
1023
1023
1023
1023
1023
1023
1053
1053
1053
1053
1053
1063
1063
1063
1063
1063
1055
1055
1055
1055
1055
1055
1024
1024
1024
1024
1024
960
960
960
960
960
911
911
911
911
911
911
847
847
847
847
847
807
807
807
807
807
793
793
793
793
793
793
801
801
801
801
801
824
824
824
824
824
859
859
859
859
859
859
905
905
905
905
905
934
934
934
934
934
958
958
958
958
958
958
952
952
952
952
952
957
957
957
957
957
951
951
951
951
951
951
930
930
930
930
930
911
911
911
911
911
879
879
879
879
879
879
863
863
863
863
863
858
858
858
858
858
878
878
878
878
878
878
899
899
899
899
899
967
967
967
967
967
1022
1022
1022
1022
1022
1022
1086
1086
1086
1086
1086
1143
1143
1143
1143
1143
1164
1164
1164
1164
1164
1164
1144
1144
1144
1144
1144
1093
1093
1093
1093
1093
1017
1017
1017
1017
1017
1017
960
960
960
960
960
926
926
926
926
926
912
912
912
912
912
912
916
916
916
916
916
921
921
921
921
921
936
936
936
936
936
936
968
968
968
968
968
975
975
975
975
975
990
990
990
990
990
990
985
985
985
985
985
961
961
961
961
961
944
944
944
944
944
944
891
891
891
891
891
858
858
858
858
858
819
819
819
819
819
819
769
769
769
769
769
761
761
761
761
761
766
766
766
766
766
766
785
785
785
785
785
800
800
800
800
800
837
837
837
837
837
837
889
889
889
889
889
911
911
911
911
911
915
915
915
915
915
915
933
933
933
933
933
920
920
920
920
920
941
941
941
941
941
941
970
970
970
970
970
985
985
985
985
985
1018
1018
1018
1018
1018
1018
1034
1034
1034
1034
1034
1054
1054
1054
1054
1054
1065
1065
1065
1065
1065
1065
1050
1050
1050
1050
1050
1034
1034
1034
1034
1034
989
989
989
989
989
989
969
969
969
969
969
950
950
950
950
950
941
941
941
941
941
941
925
925
925
925
925
930
930
930
930
930
927
927
927
927
927
927
914
914
914
914
914
894
894
894
894
894
888
888
888
888
888
888
877
877
877
877
877
892
892
892
892
892
920
920
920
920
920
920
930
930
930
930
930
961
961
961
961
961
967
967
967
967
967
967
965
965
965
965
965
945
945
945
945
945
926
926
926
926
926
926
902
902
902
902
902
882
882
882
882
882
862
862
862
862
862
862
842
842
842
842
842
842
842
842
842
842
843
843
843
843
843
843
858
858
858
858
858
861
861
861
861
861
893
893
893
893
893
893
912
912
912
912
912
950
950
950
950
950
974
974
974
974
974
974
1004
1004
1004
1004
1004
1020
1020
1020
1020
1020
1023
1023
1023
1023
1023
1023
1007
1007
1007
1007
1007
970
970
970
970
970
949
949
949
949
949
949
925
925
925
925
925
931
931
931
931
931
903
903
903
903
903
903
938
938
938
938
938
959
959
959
959
959
973
973
973
973
973
973
982
982
982
982
982
957
957
957
957
957
936
936
936
936
936
936
902
902
902
902
902
893
893
893
893
893
853
853
853
853
853
853
871
871
871
871
871
891
891
891
891
891
911
911
911
911
911
911
963
963
963
963
963
971
971
971
971
971
972
972
972
972
972
972
997
997
997
997
997
1006
1006
1006
1006
1006
998
998
998
998
998
998
999
999
999
999
999
966
966
966
966
966
957
957
957
957
957
957
934
934
934
934
934
908
908
908
908
908
875
875
875
875
875
875
862
862
862
862
862
847
847
847
847
847
847
847
847
847
847
847
866
866
866
866
866
888
888
888
888
888
922
922
922
922
922
922
965
965
965
965
965
989
989
989
989
989
1030
1030
1030
1030
1030
1030
1033
1033
1033
1033
1033
1036
1036
1036
1036
1036
1023
1023
1023
1023
1023
1023
1002
1002
1002
1002
1002
977
977
977
977
977
937
937
937
937
937
937
917
917
917
917
917
897
897
897
897
897
881
881
881
881
881
881
891
891
891
891
891
894
894
894
894
894
907
907
907
907
907
907
933
933
933
933
933
932
932
932
932
932
931
931
931
931
931
931
923
923
923
923
923
923
923
923
923
923
916
916
916
916
916
916
912
912
912
912
912
917
917
917
917
917
948
948
948
948
948
948
964
964
964
964
964
983
983
983
983
983
990
990
990
990
990
990
970
970
970
970
970
998
998
998
998
998
963
963
963
963
963
963
968
968
968
968
968
943
943
943
943
943
930
930
930
930
930
930
929
929
929
929
929
923
923
923
923
923
917
917
917
917
917
917
891
891
891
891
891
883
883
883
883
883
889
889
889
889
889
889
900
900
900
900
900
934
934
934
934
934
931
931
931
931
931
931
953
953
953
953
953
971
971
971
971
971
976
976
976
976
976
976
975
975
975
975
975
980
980
980
980
980
961
961
961
961
961
961
965
965
965
965
965
943
943
943
943
943
938
938
938
938
938
938
927
927
927
927
927
925
925
925
925
925
919
919
919
919
919
919
918
918
918
918
918
906
906
906
906
906
908
908
908
908
908
908
906
906
906
906
906
920
920
920
920
920
925
925
925
925
925
925
931
931
931
931
931
936
936
936
936
936
937
937
937
937
937
937
934
934
934
934
934
932
932
932
932
932
924
924
924
924
924
924
945
945
945
945
945
959
959
959
959
959
974
974
974
974
974
974
965
965
965
965
965
980
980
980
980
980
982
982
982
982
982
982
967
967
967
967
967
962
962
962
962
962
950
950
950
950
950
950
942
942
942
942
942
925
925
925
925
925
915
915
915
915
915
915
901
901
901
901
901
902
902
902
902
902
899
899
899
899
899
899
908
908
908
908
908
896
896
896
896
896
917
917
917
917
917
917
915
915
915
915
915
935
935
935
935
935
952
952
952
952
952
952
963
963
963
963
963
950
950
950
950
950
956
956
956
956
956
956
943
943
943
943
943
942
942
942
942
942
937
937
937
937
937
937
934
934
934
934
934
920
920
920
920
920
935
935
935
935
935
935
940
940
940
940
940
956
956
956
956
956
965
965
965
965
965
965
959
959
959
959
959
954
954
954
954
954
956
956
956
956
956
956
940
940
940
940
940
949
949
949
949
949
940
940
940
940
940
940
932
932
932
932
932
932
932
932
932
932
937
937
937
937
937
937
925
925
925
925
925
941
941
941
941
941
923
923
923
923
923
923
943
943
943
943
943
943
943
943
943
943
938
938
938
938
938
938
938
938
938
938
938
931
931
931
931
931
927
927
927
927
927
927
917
917
917
917
917
911
911
911
911
911
902
902
902
902
902
902
902
902
902
902
902
909
909
909
909
909
930
930
930
930
930
930
936
936
936
936
936
942
942
942
942
942
965
965
965
965
965
965
954
954
954
954
954
959
959
959
959
959
955
955
955
955
955
955
936
936
936
936
936
942
942
942
942
942
940
940
940
940
940
940
941
941
941
941
941
953
953
953
953
953
944
944
944
944
944
944
936
936
936
936
936
937
937
937
937
937
928
928
928
928
928
928
930
930
930