932
941
941
941
941
941
941
931
931
931
931
931
942
942
942
942
942
948
948
948
948
948
948
941
941
941
941
941
936
936
936
936
936
949
949
949
949
949
949
940
940
940
940
940
945
945
945
945
945
937
937
937
937
937
937
949
949
949
949
949
947
947
947
947
947
935
935
935
935
935
935
948
948
948
948
948
932
932
932
932
932
936
936
936
936
936
936
935
935
935
935
935
935
935
935
935
935
932
932
932
932
932
932
945
945
945
945
945
940
940
940
940
940
941
941
941
941
941
941
928
928
928
928
928
948
948
948
948
948
952
952
952
952
952
952
943
943
943
943
943
951
951
951
951
951
937
937
937
937
937
937
931
931
931
931
931
941
941
941
941
941
945
945
945
945
945
945
942
942
942
942
942
938
938
938
938
938
946
946
946
946
946
946
949
949
949
949
949
952
952
952
952
952
947
947
947
947
947
947
948
948
948
948
948
936
936
936
936
936
951
951
951
951
951
951
945
945
945
945
945
949
949
949
949
949
949
949
949
949
949
949
943
943
943
943
943
939
939
939
939
939
953
953
953
953
953
953
953
953
953
953
953
948
948
948
948
948
943
943
943
943
943
943
938
938
938
938
938
935
935
935
935
935
947
947
947
947
947
947
944
944
944
944
944
944
944
944
944
944
946
946
946
946
946
946
948
948
948
948
948
947
947
947
947
947
941
941
941
941
941
941
946
946
946
946
946
945
945
945
945
945
937
937
937
937
937
937
943
943
943
943
943
952
952
952
952
952
938
938
938
938
938
938
939
939
939
939
939
940
940
940
940
940
948
948
948
948
948
948
940
940
940
940
940
941
941
941
941
941
937
937
937
937
937
937
947
947
947
947
947
949
949
949
949
949
942
942
942
942
942
942
943
943
943
943
943
951
951
951
951
951
954
954
954
954
954
954
947
947
947
947
947
945
945
945
945
945
943
943
943
943
943
943
945
945
945
945
945
949
949
949
949
949
935
935
935
935
935
935
942
942
942
942
942
947
947
947
947
947
951
951
951
951
951
951
941
941
941
941
941
935
935
935
935
935
934
934
934
934
934
934
945
945
945
945
945
952
952
952
952
952
947
947
947
947
947
947
941
941
941
941
941
943
943
943
943
943
945
945
945
945
945
945
943
943
943
943
943
948
948
948
948
948
948
948
948
948
948
948
947
947
947
947
947
943
943
943
943
943
942
942
942
942
942
942
949
949
949
949
949
933
933
933
933
933
945
945
945
945
945
945
941
941
941
941
941
941
941
941
941
941
939
939
939
939
939
939
937
937
937
937
937
941
941
941
941
941
945
945
945
945
945
945
942
942
942
942
942
930
930
930
930
930
954
954
954
954
954
954
940
940
940
940
940
952
952
952
952
952
938
938
938
938
938
938
940
940
940
940
940
940
940
940
940
940
937
937
937
937
937
937
938
938
938
938
938
949
949
949
949
949
949
949
949
949
949
949
934
934
934
934
934
943
943
943
943
943
938
938
938
938
938
938
944
944
944
944
944
944
944
944
944
944
941
941
941
941
941
941
946
946
946
946
946
946
946
946
946
946
940
940
940
940
940
940
939
939
939
939
939
937
937
937
937
937
941
941
941
941
941
941
952
952
952
952
952
935
935
935
935
935
937
937
937
937
937
937
946
946
946
946
946
929
929
929
929
929
934
934
934
934
934
934
938
938
938
938
938
946
946
946
946
946
924
924
924
924
924
924
952
952
952
952
952
933
933
933
933
933
949
949
949
949
949
949
937
937
937
937
937
942
942
942
942
942
942
942
942
942
942
942
944
944
944
944
944
948
948
948
948
948
947
947
947
947
947
947
938
938
938
938
938
939
939
939
939
939
945
945
945
945
945
945
937
937
937
937
937
934
934
934
934
934
950
950
950
950
950
950
940
940
940
940
940
952
952
952
952
952
944
944
944
944
944
944
931
931
931
931
931
947
947
947
947
947
936
936
936
936
936
936
943
943
943
943
943
931
931
931
931
931
937
937
937
937
937
937
939
939
939
939
939
939
939
939
939
939
951
951
951
951
951
951
940
940
940
940
940
937
937
937
937
937
940
940
940
940
940
940
933
933
933
933
933
944
944
944
944
944
938
938
938
938
938
938
946
946
946
946
946
935
935
935
935
935
938
938
938
938
938
938
949
949
949
949
949
938
938
938
938
938
934
934
934
934
934
934
941
941
941
941
941
935
935
935
935
935
947
947
947
947
947
947
938
938
938
938
938
943
943
943
943
943
931
931
931
931
931
931
935
935
935
935
935
939
939
939
939
939
933
933
933
933
933
933
946
946
946
946
946
939
939
939
939
939
945
945
945
945
945
945
944
944
944
944
944
938
938
938
938
938
937
937
937
937
937
937
943
943
943
943
943
937
937
937
937
937
942
942
942
942
942
942
942
942
942
942
942
940
940
940
940
940
943
943
943
943
943
943
940
940
940
940
940
944
944
944
944
944
934
934
934
934
934
934
932
932
932
932
932
944
944
944
944
944
950
950
950
950
950
950
938
938
938
938
938
937
937
937
937
937
953
953
953
953
953
953
941
941
941
941
941
942
942
942
942
942
931
931
931
931
931
931
945
945
945
945
945
932
932
932
932
932
927
927
927
927
927
927
939
939
939
939
939
944
944
944
944
944
950
950
950
950
950
950
951
951
951
951
951
945
945
945
945
945
937
937
937
937
937
937
938
938
938
938
938
947
947
947
947
947
934
934
934
934
934
934
944
944
944
944
944
929
929
929
929
929
954
954
954
954
954
954
944
944
944
944
944
941
941
941
941
941
942
942
942
942
942
942
937
937
937
937
937
940
940
940
940
940
937
937
937
937
937
937
946
946
946
946
946
933
933
933
933
933
931
931
931
931
931
931
927
927
927
927
927
943
943
943
943
943
936
936
936
936
936
936
932
932
932
932
932
938
938
938
938
938
948
948
948
948
948
948
956
956
956
956
956
936
936
936
936
936
937
937
937
937
937
937
938
938
938
938
938
943
943
943
943
943
940
940
940
940
940
940
942
942
942
942
942
946
946
946
946
946
944
944
944
944
944
944
951
951
951
951
951
947
947
947
947
947
940
940
940
940
940
940
942
942
942
942
942
942
942
942
942
942
936
936
936
936
936
936
943
943
943
943
943
937
937
937
937
937
939
939
939
939
939
939
932
932
932
932
932
941
941
941
941
941
935
935
935
935
935
935
937
937
937
937
937
940
940
940
940
940
942
942
942
942
942
942
954
954
954
954
954
939
939
939
939
939
934
934
934
934
934
934
940
940
940
940
940
944
944
944
944
944
949
949
949
949
949
949
939
939
939
939
939
933
933
933
933
933
933
933
933
933
933
933
943
943
943
943
943
939
939
939
939
939
920
920
920
920
920
920
929
929
929
929
929
936
936
936
936
936
941
941
941
941
941
941
950
950
950
950
950
928
928
928
928
928
936
936
936
936
936
936
935
935
935
935
935
941
941
941
941
941
938
938
938
938
938
938
934
934
934
934
934
936
936
936
936
936
935
935
935
935
935
935
942
942
942
942
942
937
937
937
937
937
937
937
937
937
937
937
933
933
933
933
933
939
939
939
939
939
939
939
939
939
939
939
929
929
929
929
929
946
946
946
946
946
936
936
936
936
936
936
926
926
926
926
926
941
941
941
941
941
931
931
931
931
931
931
939
939
939
939
939
928
928
928
928
928
936
936
936
936
936
936
929
929
929
929
929
937
937
937
937
937
934
934
934
934
934
934
942
942
942
942
942
927
927
927
927
927
943
943
943
943
943
943
941
941
941
941
941
937
937
937
937
937
937
937
937
937
937
937
930
930
930
930
930
935
935
935
935
935
941
941
941
941
941
941
932
932
932
932
932
949
949
949
949
949
924
924
924
924
924
924
937
937
937
937
937
939
939
939
939
939
932
932
932
932
932
932
933
933
933
933
933
922
922
922
922
922
930
930
930
930
930
930
925
925
925
925
925
933
933
933
933
933
924
924
924
924
924
924
940
940
940
940
940
936
936
936
936
936
934
934
934
934
934
934
934
934
934
934
934
930
930
930
930
930
933
933
933
933
933
933
931
931
931
931
931
930
930
930
930
930
926
926
926
926
926
926
931
931
931
931
931
929
929
929
929
929
935
935
935
935
935
935
929
929
929
929
929
940
940
940
940
940
928
928
928
928
928
928
926
926
926
926
926
932
932
932
932
932
923
923
923
923
923
923
937
937
937
937
937
931
931
931
931
931
936
936
936
936
936
936
927
927
927
927
927
930
930
930
930
930
937
937
937
937
937
937
934
934
934
934
934
933
933
933
933
933
926
926
926
926
926
926
932
932
932
932
932
927
927
927
927
927
933
933
933
933
933
933
937
937
937
937
937
928
928
928
928
928
928
928
928
928
928
928
932
932
932
932
932
933
933
933
933
933
938
938
938
938
938
938
944
944
944
944
944
932
932
932
932
932
927
927
927
927
927
927
930
930
930
930
930
934
934
934
934
934
923
923
923
923
923
923
930
930
930
930
930
929
929
929
929
929
934
934
934
934
934
934
940
940
940
940
940
928
928
928
928
928
936
936
936
936
936
936
932
932
932
932
932
939
939
939
939
939
935
935
935
935
935
935
931
931
931
931
931
935
935
935
935
935
938
938
938
938
938
938
932
932
932
932
932
922
922
922
922
922
936
936
936
936
936
936
930
930
930
930
930
929
929
929
929
929
928
928
928
928
928
928
929
929
929
929
929
937
937
937
937
937
929
929
929
929
929
929
931
931
931
931
931
933
933
933
933
933
932
932
932
932
932
932
947
947
947
947
947
940
940
940
940
940
932
932
932
932
932
932
931
931
931
931
931
930
930
930
930
930
932
932
932
932
932
932
928
928
928
928
928
934
934
934
934
934
930
930
930
930
930
930
936
936
936
936
936
923
923
923
923
923
938
938
938
938
938
938
936
936
936
936
936
929
929
929
929
929
935
935
935
935
935
935
931
931
931
931
931
929
929
929
929
929
932
932
932
932
932
932
927
927
927
927
927
941
941
941
941
941
924
924
924
924
924
924
933
933
933
933
933
934
934
934
934
934
942
942
942
942
942
942
930
930
930
930
930
933
933
933
933
933
934
934
934
934
934
934
929
929
929
929
929
932
932
932
932
932
922
922
922
922
922
922
932
932
932
932
932
934
934
934
934
934
926
926
926
926
926
926
937
937
937
937
937
936
936
936
936
936
933
933
933
933
933
933
929
929
929
929
929
927
927
927
927
927
941
941
941
941
941
941
925
925
925
925
925
931
931
931
931
931
942
942
942
942
942
942
939
939
939
939
939
935
935
935
935
935
934
934
934
934
934
934
933
933
933
933
933
932
932
932
932
932
939
939
939
939
939
939
932
932
932
932
932
940
940
940
940
940
927
927
927
927
927
927
939
939
939
939
939
926
926
926
926
926
938
938
938
938
938
938
926
926
926
926
926
937
937
937
937
937
933
933
933
933
933
933
932
932
932
932
932
929
929
929
929
929
933
933
933
933
933
934
934
934
934
934
944
944
944
944
944
943
943
943
943
943
943
930
930
930
930
930
932
932
932
932
932
930
930
930
930
930
930
920
920
920
920
920
926
926
926
926
926
928
928
928
928
928
928
949
949
949
949
949
931
931
931
931
931
939
939
939
939
939
939
932
932
932
932
932
934
934
934
934
934
930
930
930
930
930
930
932
932
932
932
932
938
938
938
938
938
935
935
935
935
935
935
931
931
931
931
931
932
932
932
932
932
939
939
939
939
939
939
941
941
941
941
941
935
935
935
935
935
935
935
935
935
935
935
935
935
935
935
935
935
935
935
935
935
931
931
931
931
931
931
943
943
943
943
943
931
931
931
931
931
938
938
938
938
938
938
929
929
929
929
929
938
938
938
938
938
937
937
937
937
937
937
930
930
930
930
930
928
928
928
928
928
940
940
940
940
940
940
942
942
942
942
942
924
924
924
924
924
938
938
938
938
938
938
938
938
938
938
938
940
940
940
940
940
933
933
933
933
933
933
947
947
947
947
947
940
940
940
940
940
936
936
936
936
936
936
943
943
943
943
943
931
931
931
931
931
938
938
938
938
938
938
928
928
928
928
928
946
946
946
946
946
927
927
927
927
927
927
936
936
936
936
936
937
937
937
937
937
944
944
944
944
944
944
935
935
935
935
935
938
938
938
938
938
932
932
932
932
932
932
929
929
929
929
929
940
940
940
940
940
941
941
941
941
941
941
944
944
944
944
944
932
932
932
932
932
934
934
934
934
934
934
933
933
933
933
933
935
935
935
935
935
940
940
940
940
940
940
931
931
931
931
931
937
937
937
937
937
935
935
935
935
935
935
936
936
936
936
936
942
942
942
942
942
934
934
934
934
934
934
932
932
932
932
932
938
938
938
938
938
943
943
943
943
943
943
929
929
929
929
929
940
940
940
940
940
933
933
933
933
933
933
941
941
941
941
941
941
941
941
941
941
937
937
937
937
937
937
940
940
940
940
940
950
950
950
950
950
936
936
936
936
936
936
935
935
935
935
935
943
943
943
943
943
928
928
928
928
928
928
949
949
949
949
949
932
932
932
932
932
932
936
936
936
936
936
932
932
932
932
932
929
929
929
929
929
943
943
943
943
943
943
942
942
942
942
942
933
933
933
933
933
935
935
935
935
935
935
937
937
937
937
937
936
936
936
936
936
951
951
951
951
951
951
935
935
935
935
935
933
933
933
933
933
929
929
929
929
929
929
933
933
933
933
933
952
952
952
952
952
939
939
939
939
939
939
942
942
942
942
942
935
935
935
935
935
958
958
958
958
958
958
946
946
946
946
946
932
932
932
932
932
942
942
942
942
942
942
930
930
930
930
930
944
944
944
944
944
947
947
947
947
947
947
933
933
933
933
933
936
936
936
936
936
938
938
938
938
938
938
936
936
936
936
936
944
944
944
944
944
942
942
942
942
942
942
945
945
945
945
945
938
938
938
938
938
940
940
940
940
940
940
947
947
947
947
947
940
940
940
940
940
948
948
948
948
948
948
932
932
932
932
932
954
954
954
954
954
937
937
937
937
937
937
937
937
937
937
937
939
939
939
939
939
930
930
930
930
930
930
940
940
940
940
940
939
939
939
939
939
942
942
942
942
942
942
940
940
940
940
940
951
951
951
951
951
930
930
930
930
930
930
942
942
942
942
942
928
928
928
928
928
938
938
938
938
938
938
945
945
945
945
945
949
949
949
949
949
945
945
945
945
945
945
936
936
936
936
936
940
940
940
940
940
942
942
942
942
942
942
938
938
938
938
938
939
939
939
939
939
940
940
940
940
940
940
944
944
944
944
944
935
935
935
935
935
939
939
939
939
939
939
930
930
930
930
930
935
935
935
935
935
938
938
938
938
938
938
936
936
936
936
936
944
944
944
944
944
933
933
933
933
933
933
936
936
936
936
936
937
937
937
937
937
942
942
942
942
942
942
944
944
944
944
944
934
934
934
934
934
944
944
944
944
944
944
941
941
941
941
941
930
930
930
930
930
941
941
941
941
941
941
934
934
934
934
934
939
939
939
939
939
929
929
929
929
929
929
940
940
940
940
940
931
931
931
931
931
924
924
924
924
924
924
934
934
934
934
934
937
937
937
937
937
941
941
941
941
941
941
939
939
939
939
939
927
927
927
927
927
944
944
944
944
944
944
944
944
944
944
944
954
954
954
954
954
939
939
939
939
939
939
934
934
934
934
934
942
942
942
942
942
937
937
937
937
937
937
933
933
933
933
933
946
946
946
946
946
935
935
935
935
935
935
944
944
944
944
944
942
942
942
942
942
936
936
936
936
936
936
938
938
938
938
938
936
936
936
936
936
930
930
930
930
930
930
939
939
939
939
939
928
928
928
928
928
939
939
939
939
939
939
937
937
937
937
937
931
931
931
931
931
939
939
939
939
939
939
936
936
936
936
936
935
935
935
935
935
939
939
939
939
939
939
931
931
931
931
931
932
932
932
932
932
933
933
933
933
933
933
936
936
936
936
936
942
942
942
942
942
930
930
930
930
930
930
939
939
939
939
939
935
935
935
935
935
937
937
937
937
937
937
936
936
936
936
936
945
945
945
945
945
934
934
934
934
934
934
935
935
935
935
935
936
936
936
936
936
934
934
934
934
934
934
940
940
940
940
940
924
924
924
924
924
935
935
935
935
935
935
933
933
933
933
933
937
937
937
937
937
930
930
930
930
930
930
941
941
941
941
941
930
930
930
930
930
936
936
936
936
936
936
925
925
925
925
925
937
937
937
937
937
929
929
929
929
929
929
918
918
918
918
918
927
927
927
927
927
926
926
926
926
926
926
942
942
942
942
942
925
925
925
925
925
932
932
932
932
932
932
934
934
934
934
934
942
942
942
942
942
933
933
933
933
933
933
929
929
929
929
929
933
933
933
933
933
940
940
940
940
940
940
920
920
920
920
920
932
932
932
932
932
909
909
909
909
909
909
922
922
922
922
922
919
919
919
919
919
936
936
936
936
936
936
938
938
938
938
938
923
923
923
923
923
927
927
927
927
927
927
905
905
905
905
905
878
878
878
878
878
855
855
855
855
855
855
827
827
827
827
827
805
805
805
805
805
786
786
786
786
786
786
812
812
812
812
812
844
844
844
844
844
888
888
888
888
888
888
947
947
947
947
947
1010
1010
1010
1010
1010
1078
1078
1078
1078
1078
1078
1108
1108
1108
1108
1108
1117
1117
1117
1117
1117
1102
1102
1102
1102
1102
1102
1093
1093
1093
1093
1093
1061
1061
1061
1061
1061
1027
1027
1027
1027
1027
1027
973
973
973
973
973
909
909
909
909
909
841
841
841
841
841
841
779
779
779
779
779
769
769
769
769
769
808
808
808
808
808
808
881
881
881
881
881
979
979
979
979
979
1068
1068
1068
1068
1068
1068
1137
1137
1137
1137
1137
1179
1179
1179
1179
1179
1178
1178
1178
1178
1178
1178
1150
1150
1150
1150
1150
1085
1085
1085
1085
1085
1025
1025
1025
1025
1025
1025
957
957
957
957
957
860
860
860
860
860
772
772
772
772
772
772
690
690
690
690
690
614
614
614
614
614
541
541
541
541
541
541
498
498
498
498
498
493
493
493
493
493
521
521
521
521
521
521
611
611
611
611
611
776
776
776
776
776
947
947
947
947
947
947
1141
1141
1141
1141
1141
1288
1288
1288
1288
1288
1395
1395
1395
1395
1395
1395
1439
1439
1439
1439
1439
1376
1376
1376
1376
1376
1258
1258
1258
1258
1258
1258
1064
1064
1064
1064
1064
893
893
893
893
893
755
755
755
755
755
755
699
699
699
699
699
716
716
716
716
716
807
807
807
807
807
807
950
950
950
950
950
1084
1084
1084
1084
1084
1198
1198
1198
1198
1198
1198
1238
1238
1238
1238
1238
1228
1228
1228
1228
1228
1173
1173
1173
1173
1173
1173
1126
1126
1126
1126
1126
1070
1070
1070
1070
1070
1020
1020
1020
1020
1020
1020
947
947
947
947
947
871
871
871
871
871
787
787
787
787
787
787
702
702
702
702
702
628
628
628
628
628
609
609
609
609
609
609
646
646
646
646
646
747
747
747
747
747
871
871
871
871
871
871
1017
1017
1017
1017
1017
1143
1143
1143
1143
1143
1207
1207
1207
1207
1207
1207
1190
1190
1190
1190
1190
1102
1102
1102
1102
1102
969
969
969
969
969
969
847
847
847
847
847
776
776
776
776
776
739
739
739
739
739
739
751
751
751
751
751
785
785
785
785
785
829
829
829
829
829
829
871
871
871
871
871
909
909
909
909
909
938
938
938
938
938
938
965
965
965
965
965
975
975
975
975
975
953
953
953
953
953
953
926
926
926
926
926
899
899
899
899
899
864
864
864
864
864
864
837
837
837
837
837
820
820
820
820
820
799
799
799
799
799
799
797
797
797
797
797
823
823
823
823
823
860
860
860
860
860
860
915
915
915
915
915
1003
1003
1003
1003
1003
1098
1098
1098
1098
1098
1098
1182
1182
1182
1182
1182
1233
1233
1233
1233
1233
1243
1243
1243
1243
1243
1243
1228
1228
1228
1228
1228
1177
1177
1177
1177
1177
1118
1118
1118
1118
1118
1118
1023
1023
1023
1023
1023
915
915
915
915
915
803
803
803
803
803
803
722
722
722
722
722
694
694
694
694
694
710
710
710
710
710
710
789
789
789
789
789
901
901
901
901
901
1008
1008
1008
1008
1008
1008
1112
1112
1112
1112
1112
1137
1137
1137
1137
1137
1137
1137
1137
1137
1137
1137
1078
1078
1078
1078
1078
990
990
990
990
990
875
875
875
875
875
875
756
756
756
756
756
669
669
669
669
669
626
626
626
626
626
626
635
635
635
635
635
695
695
695
695
695
793
793
793
793
793
793
908
908
908
908
908
1038
1038
1038
1038
1038
1184
1184
1184
1184
1184
1184
1292
1292
1292
1292
1292
1334
1334
1334
1334
1334
1313
1313
1313
1313
1313
1313
1245
1245
1245
1245
1245
1097
1097
1097
1097
1097
942
942
942
942
942
942
781
781
781
781
781
641
641
641
641
641
543
543
543
543
543
543
498
498
498
498
498
499
499
499
499
499
549
549
549
549
549
549
638
638
638
638
638
785
785
785
785
785
997
997
997
997
997
997
1176
1176
1176
1176
1176
1321
1321
1321
1321
1321
1395
1395
1395
1395
1395
1395
1381
1381
1381
1381
1381
1318
1318
1318
1318
1318
1195
1195
1195
1195
1195
1195
1056
1056
1056
1056
1056
914
914
914
914
914
792
792
792
792
792
792
689
689
689
689
689
626
626
626
626
626
599
599
599
599
599
599
633
633
633
633
633
727
727
727
727
727
828
828
828
828
828
828
934
934
934
934
934
1032
1032
1032
1032
1032
1078
1078
1078
1078
1078
1078
1098
1098
1098
1098
1098
1104
1104
1104
1104
1104
1083
1083
1083
1083
1083
1083
1073
1073
1073
1073
1073
1075
1075
1075
1075
1075
1074
1074
1074
1074
1074
1074
1060
1060
1060
1060
1060
1034
1034
1034
1034
1034
996
996
996
996
996
996
942
942
942
942
942
935
935
935
935
935
907
907
907
907
907
907
904
904
904
904
904
903
903
903
903
903
880
880
880
880
880
880
865
865
865
865
865
837
837
837
837
837
827
827
827
827
827
827
847
847
847
847
847
868
868
868
868
868
889
889
889
889
889
889
905
905
905
905
905
910
910
910
910
910
936
936
936
936
936
936
962
962
962
962
962
1000
1000
1000
1000
1000
1037
1037
1037
1037
1037
1037
1068
1068
1068
1068
1068
1095
1095
1095
1095
1095
1091
1091
1091
1091
1091
1091
1083
1083
1083
1083
1083
1029
1029
1029
1029
1029
996
996
996
996
996
996
943
943
943
943
943
931
931
931
931
931
914
914
914
914
914
914
932
932
932
932
932
945
945
945
945
945
953
953
953
953
953
953
992
992
992
992
992
958
958
958
958
958
944
944
944
944
944
944
903
903
903
903
903
888
888
888
888
888
845
845
845
845
845
845
808
808
808
808
808
774
774
774
774
774
759
759
759
759
759
759
783
783
783
783
783
792
792
792
792
792
819
819
819
819
819
819
820
820
820
820
820
846
846
846
846
846
856
856
856
856
856
856
867
867
867
867
867
909
909
909
909
909
952
952
952
952
952
952
1023
1023
1023
1023
1023
1065
1065
1065
1065
1065
1110
1110
1110
1110
1110