945
945
945
945
945
945
945
945
945
953
953
953
953
953
939
939
939
939
939
941
941
941
941
941
941
939
939
939
939
939
954
954
954
954
954
945
945
945
945
945
945
944
944
944
944
944
949
949
949
949
949
941
941
941
941
941
941
932
932
932
932
932
964
964
964
964
964
953
953
953
953
953
953
947
947
947
947
947
952
952
952
952
952
950
950
950
950
950
950
945
945
945
945
945
937
937
937
937
937
950
950
950
950
950
950
949
949
949
949
949
944
944
944
944
944
946
946
946
946
946
946
941
941
941
941
941
937
937
937
937
937
953
953
953
953
953
953
939
939
939
939
939
943
943
943
943
943
944
944
944
944
944
944
950
950
950
950
950
942
942
942
942
942
943
943
943
943
943
943
943
943
943
943
943
950
950
950
950
950
941
941
941
941
941
941
944
944
944
944
944
944
944
944
944
944
942
942
942
942
942
942
950
950
950
950
950
941
941
941
941
941
946
946
946
946
946
946
945
945
945
945
945
946
946
946
946
946
933
933
933
933
933
933
942
942
942
942
942
945
945
945
945
945
940
940
940
940
940
940
946
946
946
946
946
942
942
942
942
942
940
940
940
940
940
940
946
946
946
946
946
941
941
941
941
941
934
934
934
934
934
934
942
942
942
942
942
958
958
958
958
958
944
944
944
944
944
944
948
948
948
948
948
939
939
939
939
939
937
937
937
937
937
937
952
952
952
952
952
945
945
945
945
945
944
944
944
944
944
944
937
937
937
937
937
943
943
943
943
943
938
938
938
938
938
938
944
944
944
944
944
941
941
941
941
941
948
948
948
948
948
948
944
944
944
944
944
945
945
945
945
945
950
950
950
950
950
950
945
945
945
945
945
945
945
945
945
945
944
944
944
944
944
944
941
941
941
941
941
938
938
938
938
938
942
942
942
942
942
942
937
937
937
937
937
942
942
942
942
942
949
949
949
949
949
949
943
943
943
943
943
939
939
939
939
939
944
944
944
944
944
944
946
946
946
946
946
944
944
944
944
944
949
949
949
949
949
949
937
937
937
937
937
935
935
935
935
935
945
945
945
945
945
945
941
941
941
941
941
939
939
939
939
939
943
943
943
943
943
943
932
932
932
932
932
932
932
932
932
932
933
933
933
933
933
933
936
936
936
936
936
931
931
931
931
931
948
948
948
948
948
948
954
954
954
954
954
948
948
948
948
948
940
940
940
940
940
940
936
936
936
936
936
938
938
938
938
938
941
941
941
941
941
941
940
940
940
940
940
941
941
941
941
941
942
942
942
942
942
942
951
951
951
951
951
948
948
948
948
948
940
940
940
940
940
940
951
951
951
951
951
935
935
935
935
935
940
940
940
940
940
940
946
946
946
946
946
941
941
941
941
941
948
948
948
948
948
948
945
945
945
945
945
942
942
942
942
942
953
953
953
953
953
953
948
948
948
948
948
939
939
939
939
939
942
942
942
942
942
942
941
941
941
941
941
937
937
937
937
937
947
947
947
947
947
947
937
937
937
937
937
950
950
950
950
950
948
948
948
948
948
948
943
943
943
943
943
955
955
955
955
955
929
929
929
929
929
929
954
954
954
954
954
936
936
936
936
936
948
948
948
948
948
948
958
958
958
958
958
945
945
945
945
945
951
951
951
951
951
951
936
936
936
936
936
941
941
941
941
941
943
943
943
943
943
943
950
950
950
950
950
945
945
945
945
945
951
951
951
951
951
951
959
959
959
959
959
941
941
941
941
941
938
938
938
938
938
938
942
942
942
942
942
943
943
943
943
943
937
937
937
937
937
937
938
938
938
938
938
938
938
938
938
938
937
937
937
937
937
937
949
949
949
949
949
942
942
942
942
942
963
963
963
963
963
963
939
939
939
939
939
945
945
945
945
945
938
938
938
938
938
938
947
947
947
947
947
944
944
944
944
944
950
950
950
950
950
950
940
940
940
940
940
955
955
955
955
955
951
951
951
951
951
951
921
921
921
921
921
942
942
942
942
942
939
939
939
939
939
939
947
947
947
947
947
924
924
924
924
924
937
937
937
937
937
937
933
933
933
933
933
943
943
943
943
943
946
946
946
946
946
946
945
945
945
945
945
944
944
944
944
944
941
941
941
941
941
941
939
939
939
939
939
943
943
943
943
943
939
939
939
939
939
939
937
937
937
937
937
955
955
955
955
955
926
926
926
926
926
926
948
948
948
948
948
930
930
930
930
930
938
938
938
938
938
938
934
934
934
934
934
944
944
944
944
944
944
944
944
944
944
944
937
937
937
937
937
925
925
925
925
925
950
950
950
950
950
950
937
937
937
937
937
945
945
945
945
945
949
949
949
949
949
949
953
953
953
953
953
929
929
929
929
929
946
946
946
946
946
946
938
938
938
938
938
936
936
936
936
936
936
936
936
936
936
936
941
941
941
941
941
952
952
952
952
952
939
939
939
939
939
939
958
958
958
958
958
947
947
947
947
947
951
951
951
951
951
951
938
938
938
938
938
943
943
943
943
943
944
944
944
944
944
944
942
942
942
942
942
937
937
937
937
937
928
928
928
928
928
928
943
943
943
943
943
929
929
929
929
929
944
944
944
944
944
944
937
937
937
937
937
948
948
948
948
948
932
932
932
932
932
932
947
947
947
947
947
946
946
946
946
946
940
940
940
940
940
940
936
936
936
936
936
947
947
947
947
947
939
939
939
939
939
939
939
939
939
939
939
932
932
932
932
932
946
946
946
946
946
946
943
943
943
943
943
928
928
928
928
928
939
939
939
939
939
939
932
932
932
932
932
937
937
937
937
937
937
937
937
937
937
937
938
938
938
938
938
935
935
935
935
935
947
947
947
947
947
947
941
941
941
941
941
943
943
943
943
943
928
928
928
928
928
928
940
940
940
940
940
942
942
942
942
942
943
943
943
943
943
943
932
932
932
932
932
952
952
952
952
952
937
937
937
937
937
937
935
935
935
935
935
947
947
947
947
947
935
935
935
935
935
935
945
945
945
945
945
938
938
938
938
938
945
945
945
945
945
945
940
940
940
940
940
940
940
940
940
940
940
940
940
940
940
940
943
943
943
943
943
941
941
941
941
941
926
926
926
926
926
926
942
942
942
942
942
938
938
938
938
938
957
957
957
957
957
957
946
946
946
946
946
934
934
934
934
934
940
940
940
940
940
940
945
945
945
945
945
947
947
947
947
947
935
935
935
935
935
935
944
944
944
944
944
929
929
929
929
929
930
930
930
930
930
930
942
942
942
942
942
933
933
933
933
933
938
938
938
938
938
938
945
945
945
945
945
945
945
945
945
945
930
930
930
930
930
930
942
942
942
942
942
943
943
943
943
943
943
943
943
943
943
943
939
939
939
939
939
941
941
941
941
941
939
939
939
939
939
939
934
934
934
934
934
936
936
936
936
936
940
940
940
940
940
940
933
933
933
933
933
938
938
938
938
938
947
947
947
947
947
947
941
941
941
941
941
934
934
934
934
934
927
927
927
927
927
927
943
943
943
943
943
940
940
940
940
940
942
942
942
942
942
942
932
932
932
932
932
934
934
934
934
934
940
940
940
940
940
940
942
942
942
942
942
933
933
933
933
933
936
936
936
936
936
936
936
936
936
936
936
935
935
935
935
935
948
948
948
948
948
948
932
932
932
932
932
944
944
944
944
944
934
934
934
934
934
934
942
942
942
942
942
932
932
932
932
932
932
932
932
932
932
932
937
937
937
937
937
945
945
945
945
945
937
937
937
937
937
937
935
935
935
935
935
939
939
939
939
939
946
946
946
946
946
946
942
942
942
942
942
945
945
945
945
945
934
934
934
934
934
934
933
933
933
933
933
937
937
937
937
937
933
933
933
933
933
933
950
950
950
950
950
943
943
943
943
943
938
938
938
938
938
938
931
931
931
931
931
944
944
944
944
944
950
950
950
950
950
950
939
939
939
939
939
931
931
931
931
931
936
936
936
936
936
936
936
936
936
936
936
945
945
945
945
945
932
932
932
932
932
932
942
942
942
942
942
948
948
948
948
948
944
944
944
944
944
944
946
946
946
946
946
946
946
946
946
946
941
941
941
941
941
941
931
931
931
931
931
939
939
939
939
939
932
932
932
932
932
932
939
939
939
939
939
937
937
937
937
937
939
939
939
939
939
939
928
928
928
928
928
935
935
935
935
935
942
942
942
942
942
942
945
945
945
945
945
940
940
940
940
940
935
935
935
935
935
935
938
938
938
938
938
933
933
933
933
933
945
945
945
945
945
945
935
935
935
935
935
932
932
932
932
932
940
940
940
940
940
940
941
941
941
941
941
942
942
942
942
942
941
941
941
941
941
941
944
944
944
944
944
938
938
938
938
938
945
945
945
945
945
945
939
939
939
939
939
934
934
934
934
934
946
946
946
946
946
946
936
936
936
936
936
931
931
931
931
931
939
939
939
939
939
939
946
946
946
946
946
937
937
937
937
937
944
944
944
944
944
944
927
927
927
927
927
924
924
924
924
924
936
936
936
936
936
936
938
938
938
938
938
943
943
943
943
943
945
945
945
945
945
945
942
942
942
942
942
935
935
935
935
935
934
934
934
934
934
934
939
939
939
939
939
940
940
940
940
940
937
937
937
937
937
937
931
931
931
931
931
928
928
928
928
928
947
947
947
947
947
947
941
941
941
941
941
943
943
943
943
943
932
932
932
932
932
932
925
925
925
925
925
944
944
944
944
944
933
933
933
933
933
933
950
950
950
950
950
928
928
928
928
928
940
940
940
940
940
940
924
924
924
924
924
944
944
944
944
944
924
924
924
924
924
924
944
944
944
944
944
939
939
939
939
939
942
942
942
942
942
942
937
937
937
937
937
935
935
935
935
935
941
941
941
941
941
941
935
935
935
935
935
941
941
941
941
941
939
939
939
939
939
939
933
933
933
933
933
942
942
942
942
942
947
947
947
947
947
947
930
930
930
930
930
940
940
940
940
940
935
935
935
935
935
935
937
937
937
937
937
926
926
926
926
926
942
942
942
942
942
942
923
923
923
923
923
958
958
958
958
958
933
933
933
933
933
933
941
941
941
941
941
941
941
941
941
941
951
951
951
951
951
951
951
951
951
951
951
938
938
938
938
938
937
937
937
937
937
937
938
938
938
938
938
945
945
945
945
945
956
956
956
956
956
956
947
947
947
947
947
943
943
943
943
943
938
938
938
938
938
938
931
931
931
931
931
939
939
939
939
939
943
943
943
943
943
943
948
948
948
948
948
944
944
944
944
944
937
937
937
937
937
937
936
936
936
936
936
949
949
949
949
949
943
943
943
943
943
943
946
946
946
946
946
935
935
935
935
935
946
946
946
946
946
946
938
938
938
938
938
953
953
953
953
953
944
944
944
944
944
944
946
946
946
946
946
944
944
944
944
944
942
942
942
942
942
942
942
942
942
942
942
949
949
949
949
949
944
944
944
944
944
944
951
951
951
951
951
953
953
953
953
953
969
969
969
969
969
969
973
973
973
973
973
993
993
993
993
993
947
947
947
947
947
947
860
860
860
860
860
650
650
650
650
650
439
439
439
439
439
439
265
265
265
265
265
203
203
203
203
203
219
219
219
219
219
219
333
333
333
333
333
593
593
593
593
593
945
945
945
945
945
945
1270
1270
1270
1270
1270
1509
1509
1509
1509
1509
1556
1556
1556
1556
1556
1556
1489
1489
1489
1489
1489
1322
1322
1322
1322
1322
1159
1159
1159
1159
1159
1159
1052
1052
1052
1052
1052
1068
1068
1068
1068
1068
1164
1164
1164
1164
1164
1164
1309
1309
1309
1309
1309
1449
1449
1449
1449
1449
1511
1511
1511
1511
1511
1511
1488
1488
1488
1488
1488
1417
1417
1417
1417
1417
1295
1295
1295
1295
1295
1295
1206
1206
1206
1206
1206
1117
1117
1117
1117
1117
1070
1070
1070
1070
1070
1070
1033
1033
1033
1033
1033
965
965
965
965
965
887
887
887
887
887
887
805
805
805
805
805
686
686
686
686
686
580
580
580
580
580
580
505
505
505
505
505
461
461
461
461
461
450
450
450
450
450
450
484
484
484
484
484
526
526
526
526
526
590
590
590
590
590
590
662
662
662
662
662
725
725
725
725
725
793
793
793
793
793
793
860
860
860
860
860
897
897
897
897
897
902
902
902
902
902
902
936
936
936
936
936
973
973
973
973
973
1078
1078
1078
1078
1078
1078
1164
1164
1164
1164
1164
1255
1255
1255
1255
1255
1328
1328
1328
1328
1328
1328
1361
1361
1361
1361
1361
1359
1359
1359
1359
1359
1299
1299
1299
1299
1299
1299
1203
1203
1203
1203
1203
1049
1049
1049
1049
1049
944
944
944
944
944
944
844
844
844
844
844
802
802
802
802
802
777
777
777
777
777
777
774
774
774
774
774
767
767
767
767
767
756
756
756
756
756
756
750
750
750
750
750
752
752
752
752
752
816
816
816
816
816
816
891
891
891
891
891
987
987
987
987
987
1058
1058
1058
1058
1058
1058
1113
1113
1113
1113
1113
1132
1132
1132
1132
1132
1124
1124
1124
1124
1124
1124
1073
1073
1073
1073
1073
1005
1005
1005
1005
1005
936
936
936
936
936
936
863
863
863
863
863
834
834
834
834
834
833
833
833
833
833
833
876
876
876
876
876
923
923
923
923
923
970
970
970
970
970
970
1001
1001
1001
1001
1001
1025
1025
1025
1025
1025
1005
1005
1005
1005
1005
1005
992
992
992
992
992
980
980
980
980
980
976
976
976
976
976
976
1000
1000
1000
1000
1000
1021
1021
1021
1021
1021
1046
1046
1046
1046
1046
1046
1052
1052
1052
1052
1052
1022
1022
1022
1022
1022
942
942
942
942
942
942
849
849
849
849
849
768
768
768
768
768
726
726
726
726
726
726
743
743
743
743
743
816
816
816
816
816
918
918
918
918
918
918
1000
1000
1000
1000
1000
1047
1047
1047
1047
1047
1020
1020
1020
1020
1020
1020
957
957
957
957
957
866
866
866
866
866
795
795
795
795
795
795
754
754
754
754
754
759
759
759
759
759
802
802
802
802
802
802
868
868
868
868
868
933
933
933
933
933
971
971
971
971
971
971
989
989
989
989
989
981
981
981
981
981
952
952
952
952
952
952
938
938
938
938
938
923
923
923
923
923
932
932
932
932
932
932
949
949
949
949
949
967
967
967
967
967
981
981
981
981
981
981
999
999
999
999
999
1006
1006
1006
1006
1006
1039
1039
1039
1039
1039
1039
1048
1048
1048
1048
1048
1090
1090
1090
1090
1090
1081
1081
1081
1081
1081
1081
1081
1081
1081
1081
1081
1054
1054
1054
1054
1054
1009
1009
1009
1009
1009
1009
946
946
946
946
946
908
908
908
908
908
857
857
857
857
857
857
840
840
840
840
840
828
828
828
828
828
807
807
807
807
807
807
806
806
806
806
806
803
803
803
803
803
794
794
794
794
794
794
817
817
817
817
817
830
830
830
830
830
853
853
853
853
853
853
893
893
893
893
893
926
926
926
926
926
984
984
984
984
984
984
993
993
993
993
993
1029
1029
1029
1029
1029
1056
1056
1056
1056
1056
1056
1060
1060
1060
1060
1060
1056
1056
1056
1056
1056
1044
1044
1044
1044
1044
1044
1027
1027
1027
1027
1027
1014
1014
1014
1014
1014
987
987
987
987
987
987
969
969
969
969
969
931
931
931
931
931
919
919
919
919
919
919
917
917
917
917
917
921
921
921
921
921
907
907
907
907
907
907
903
903
903
903
903
903
903
903
903
903
900
900
900
900
900
900
902
902
902
902
902
894
894
894
894
894
883
883
883
883
883
883
876
876
876
876
876
870
870
870
870
870
849
849
849
849
849
849
827
827
827
827
827
818
818
818
818
818
815
815
815
815
815
815
820
820
820
820
820
816
816
816
816
816
837
837
837
837
837
837
845
845
845
845
845
879
879
879
879
879
917
917
917
917
917
917
964
964
964
964
964
992
992
992
992
992
1035
1035
1035
1035
1035
1035
1074
1074
1074
1074
1074
1083
1083
1083
1083
1083
1068
1068
1068
1068
1068
1068
1043
1043
1043
1043
1043
1012
1012
1012
1012
1012
1007
1007
1007
1007
1007
1007
998
998
998
998
998
985
985
985
985
985
999
999
999
999
999
999
1019
1019
1019
1019
1019
1033
1033
1033
1033
1033
1046
1046
1046
1046
1046
1046
1044
1044
1044
1044
1044
1020
1020
1020
1020
1020
1021
1021
1021
1021
1021
1021
1003
1003
1003
1003
1003
979
979
979
979
979
954
954
954
954
954
954
917
917
917
917
917
896
896
896
896
896
869
869
869
869
869
869
842
842
842
842
842
826
826
826
826
826
819
819
819
819
819
819
827
827
827
827
827
817
817
817
817
817
810
810
810
810
810
810
813
813
813
813
813
800
800
800
800
800
809
809
809
809
809
809
789
789
789
789
789
793
793
793
793
793
800
800
800
800
800
800
839
839
839
839
839
859
859
859
859
859
922
922
922
922
922
922
959
959
959
959
959
1010
1010
1010
1010
1010
1041
1041
1041
1041
1041
1041
1053
1053
1053
1053
1053
1056
1056
1056
1056
1056
1045
1045
1045
1045
1045
1045
1045
1045
1045
1045
1045
1025
1025
1025
1025
1025
1005
1005
1005
1005
1005
1005
966
966
966
966
966
941
941
941
941
941
894
894
894
894
894
894
867
867
867
867
867
837
837
837
837
837
836
836
836
836
836
836
854
854
854
854
854
854
854
854
854
854
908
908
908
908
908
908
945
945
945
945
945
997
997
997
997
997
1018
1018
1018
1018
1018
1018
1041
1041
1041
1041
1041
1010
1010
1010
1010
1010
995
995
995
995
995
995
956
956
956
956
956
943
943
943
943
943
917
917
917
917
917
917
929
929
929
929
929
959
959
959
959
959
988
988
988
988
988
988
1027
1027
1027
1027
1027
1059
1059
1059
1059
1059
1073
1073
1073
1073
1073
1073
1052
1052
1052
1052
1052
1022
1022
1022
1022
1022
979
979
979
979
979
979
937
937
937
937
937
896
896
896
896
896
869
869
869
869
869
869
878
878
878
878
878
873
873
873
873
873
893
893
893
893
893
893
900
900
900
900
900
913
913
913
913
913
904
904
904
904
904
904
913
913
913
913
913
904
904
904
904
904
915
915
915
915
915
915
920
920
920
920
920
926
926
926
926
926
936
936
936
936
936
936
928
928
928
928
928
913
913
913
913
913
905
905
905
905
905
905
894
894
894
894
894
868
868
868
868
868
861
861
861
861
861
861
864
864
864
864
864
864
864
864
864
864
907
907
907
907
907
907
938
938
938
938
938
984
984
984
984
984
987
987
987
987
987
987
1011
1011
1011
1011
1011
1004
1004
1004
1004
1004
980
980
980
980
980
980
979
979
979
979
979
974
974
974
974
974
953
953
953
953
953
953
942
942
942
942
942
944
944
944
944
944
936
936
936
936
936
936
953
953
953
953
953
955
955
955
955
955
955
955
955
955
955
955
951
951
951
951
951
943
943
943
943
943
915
915
915
915
915
915
919
919
919
919
919
897
897
897
897
897
893
893
893
893
893
893
884
884
884
884
884
884
884
884
884
884
885
885
885
885
885
885
894
894
894
894
894
892
892
892
892
892
922
922
922
922
922
922
925
925
925
925
925
920
920
920
920
920
931
931
931
931
931
931
946
946
946
946
946
961
961
961
961
961
959
959
959
959
959
959
973
973
973
973
973
969
969
969
969
969
958
958
958
958
958
943
943
943
943
943
954
954
954
954
954
940
940
940
940
940
940
932
932
932
932
932
947
947
947
947
947
959
959
959
959
959
959
960
960
960
960
960
960
960
960
960
960
960
960
960
960
960
945
945
945
945
945
927
927
927
927
927
916
916
916
916
916
916
918
918
918
918
918
904
904
904
904
904
896
896
896
896
896
896
909
909
909
909
909
895
895
895
895
895
925
925
925
925
925
920
920
920
920
920
913
913
913
913
913
918
918
918
918
918
918
922
922
922
922
922
929
929
929
929
929
944
944
944
944
944
944
932
932
932
932
932
956
956
956
956
956
931
931
931
931
931
931
946
946
946
946
946
949
949
949
949
949
963
963
963
963
963
963
956
956
956
956
956
958
958
958
958
958
939
939
939
939
939
939
935
935
935
935
935
953
953
953
953
953
935
935
935
935
935
935
950
950
950
950
950
938
938
938
938
938
948
948
948
948
948
948
930
930
930
930
930
927
927
927
927
927
927
927
927
927
927
927
927
927
927
927
927
921
921
921
921
921
919
919
919
919
919
919
929
929
929
929
929
925
925
925
925
925
937
937
937
937
937
937
942
942
942
942
942
959
959
959
959
959
953
953
953
953
953
953
954
954
954
954
954
959
959
959
959
959
945
945
945
945
945
945
946
946
946
946
946
916
916
916
916
916
906
906
906
906
906
906
900
900
900
900
900
900
900
900
900
900
916
916
916
916
916
916
918
918
918
918
918
917
917
917
917
917
919
919
919
919
919
919
927
927
927
927
927
925
925
925
925
925
920
920
920
920
920
920
903
903
903
903
903
908
908
908
908
908
921
921
921
921
921
921
918
918
918
918
918
940
940
940
940
940
943
943
943
943
943
943
950
950
950
950
950
954
954
954
954
954
959
959
959
959
959
959
960
960
960
960
960
969
969
969
969
969
961
961
961
961
961
961
949
949
949
949
949
963
963
963
963
963
944
944
944
944
944
944
948
948
948
948
948
920
920
920
920
920
930
930
930
930
930
930
906
906
906
906
906
913
913
913
913
913
907
907
907
907
907
907
919
919
919
919
919
920
920
920
920
920
928
928
928
928
928
928
927
927
927
927
927
939
939
939
939
939
944
944
944
944
944
944
932
932
932
932
932
951
951
951
951
951
954
954
954
954
954
954
947
947
947
947
947
938
938
938
938
938
942
942
942
942
942
942
931
931
931
931
931
930
930
930
930
930
932
932
932
932
932
932
919
919
919
919
919
924
924
924
924
924
935
935
935
935
935
935
926
926
926
926
926
929
929
929
929
929
925
925
925
925
925
925
903
903
903
903
903
890
890
890
890
890
880
880
880
880
880
880
861
861
861
861
861
866
866
866
866
866
883
883
883
883
883
883
887
887
887
887
887
908
908
908
908
908
906
906
906
906
906
906
910
910
910
910
910
942
942
942
942
942
942
942
942
942
942
942
954
954
954
954
954
967
967
967
967
967
987
987
987
987
987
987
1000
1000
1000
1000
1000
1019
1019
1019
1019
1019
1021
1021
1021
1021
1021
1021
1025
1025
1025
1025
1025
1005
1005
1005
1005
1005
1004
1004
1004
1004
1004
1004
995
995
995
995
995
1004
1004
1004
1004
1004
999
999
999
999
999
999
1010
1010
1010
1010
1010
995
995
995
995
995
997
997
997
997
997
997
971
971
971
971
971
948
948
948
948
948
909
909
909
909
909
909
882
882
882
882
882
868
868
868
868
868
844
844
844
844
844
844
832
832
832
832
832
831
831
831
831
831
825
825
825
825
825
825
826
826
826
826
826
836
836
836
836
836
857
857
857
857
857
857
870
870
870
870
870
892
892
892
892
892
926
926
926
926
926
926
955
955
955
955
955
976
976
976
976
976
976
976
976
976
976
976
976
976
976
976
976
969
969
969
969
969
958
958
958
958
958
958
946
946
946
946
946
944
944
944
944
944
956
956
956
956
956
956
980
980
980
980
980
977
977
977
977
977
1013
1013
1013
1013
1013
1013
1014
1014
1014
1014
1014
1019
1019
1019
1019
1019
1014
1014
1014
1014
1014
1014
990
990
990
990
990
985
985
985
985
985
969
969
969