935
935
941
941
941
941
941
935
935
935
935
935
935
948
948
948
948
948
933
933
933
933
933
939
939
939
939
939
939
943
943
943
943
943
948
948
948
948
948
940
940
940
940
940
940
938
938
938
938
938
938
938
938
938
938
933
933
933
933
933
933
939
939
939
939
939
939
939
939
939
939
941
941
941
941
941
941
938
938
938
938
938
945
945
945
945
945
938
938
938
938
938
938
940
940
940
940
940
930
930
930
930
930
940
940
940
940
940
940
942
942
942
942
942
938
938
938
938
938
939
939
939
939
939
939
939
939
939
939
939
940
940
940
940
940
943
943
943
943
943
943
944
944
944
944
944
942
942
942
942
942
946
946
946
946
946
946
946
946
946
946
946
941
941
941
941
941
946
946
946
946
946
946
944
944
944
944
944
942
942
942
942
942
940
940
940
940
940
940
941
941
941
941
941
947
947
947
947
947
938
938
938
938
938
938
936
936
936
936
936
942
942
942
942
942
940
940
940
940
940
940
937
937
937
937
937
947
947
947
947
947
939
939
939
939
939
939
938
938
938
938
938
941
941
941
941
941
939
939
939
939
939
939
943
943
943
943
943
939
939
939
939
939
934
934
934
934
934
934
935
935
935
935
935
948
948
948
948
948
940
940
940
940
940
940
933
933
933
933
933
944
944
944
944
944
944
944
944
944
944
944
937
937
937
937
937
939
939
939
939
939
937
937
937
937
937
937
937
937
937
937
937
943
943
943
943
943
942
942
942
942
942
942
940
940
940
940
940
944
944
944
944
944
945
945
945
945
945
945
943
943
943
943
943
946
946
946
946
946
947
947
947
947
947
947
943
943
943
943
943
930
930
930
930
930
949
949
949
949
949
949
946
946
946
946
946
937
937
937
937
937
936
936
936
936
936
936
942
942
942
942
942
944
944
944
944
944
942
942
942
942
942
942
935
935
935
935
935
946
946
946
946
946
945
945
945
945
945
945
940
940
940
940
940
945
945
945
945
945
942
942
942
942
942
942
944
944
944
944
944
946
946
946
946
946
944
944
944
944
944
944
942
942
942
942
942
939
939
939
939
939
946
946
946
946
946
946
945
945
945
945
945
947
947
947
947
947
939
939
939
939
939
939
938
938
938
938
938
934
934
934
934
934
944
944
944
944
944
944
944
944
944
944
944
938
938
938
938
938
948
948
948
948
948
948
930
930
930
930
930
948
948
948
948
948
949
949
949
949
949
949
936
936
936
936
936
943
943
943
943
943
944
944
944
944
944
944
943
943
943
943
943
937
937
937
937
937
941
941
941
941
941
941
940
940
940
940
940
938
938
938
938
938
940
940
940
940
940
940
942
942
942
942
942
944
944
944
944
944
939
939
939
939
939
939
945
945
945
945
945
936
936
936
936
936
950
950
950
950
950
950
923
923
923
923
923
940
940
940
940
940
941
941
941
941
941
941
935
935
935
935
935
950
950
950
950
950
938
938
938
938
938
938
943
943
943
943
943
932
932
932
932
932
934
934
934
934
934
934
941
941
941
941
941
943
943
943
943
943
953
953
953
953
953
953
941
941
941
941
941
942
942
942
942
942
938
938
938
938
938
938
942
942
942
942
942
929
929
929
929
929
945
945
945
945
945
945
933
933
933
933
933
938
938
938
938
938
939
939
939
939
939
939
942
942
942
942
942
947
947
947
947
947
937
937
937
937
937
937
939
939
939
939
939
929
929
929
929
929
945
945
945
945
945
945
933
933
933
933
933
934
934
934
934
934
934
934
934
934
934
934
943
943
943
943
943
952
952
952
952
952
932
932
932
932
932
932
941
941
941
941
941
945
945
945
945
945
950
950
950
950
950
950
933
933
933
933
933
951
951
951
951
951
951
951
951
951
951
951
939
939
939
939
939
938
938
938
938
938
940
940
940
940
940
940
944
944
944
944
944
934
934
934
934
934
942
942
942
942
942
942
951
951
951
951
951
948
948
948
948
948
934
934
934
934
934
934
954
954
954
954
954
941
941
941
941
941
959
959
959
959
959
959
950
950
950
950
950
943
943
943
943
943
947
947
947
947
947
947
941
941
941
941
941
949
949
949
949
949
936
936
936
936
936
936
936
936
936
936
936
947
947
947
947
947
942
942
942
942
942
942
947
947
947
947
947
946
946
946
946
946
938
938
938
938
938
938
943
943
943
943
943
953
953
953
953
953
947
947
947
947
947
947
952
952
952
952
952
943
943
943
943
943
949
949
949
949
949
949
948
948
948
948
948
938
938
938
938
938
947
947
947
947
947
947
939
939
939
939
939
950
950
950
950
950
946
946
946
946
946
946
949
949
949
949
949
935
935
935
935
935
946
946
946
946
946
946
932
932
932
932
932
940
940
940
940
940
940
940
940
940
940
945
945
945
945
945
955
955
955
955
955
934
934
934
934
934
934
949
949
949
949
949
946
946
946
946
946
948
948
948
948
948
948
930
930
930
930
930
947
947
947
947
947
946
946
946
946
946
946
941
941
941
941
941
949
949
949
949
949
939
939
939
939
939
939
952
952
952
952
952
942
942
942
942
942
955
955
955
955
955
955
949
949
949
949
949
950
950
950
950
950
941
941
941
941
941
941
944
944
944
944
944
944
944
944
944
944
934
934
934
934
934
934
939
939
939
939
939
940
940
940
940
940
942
942
942
942
942
942
942
942
942
942
942
941
941
941
941
941
944
944
944
944
944
944
943
943
943
943
943
951
951
951
951
951
939
939
939
939
939
939
952
952
952
952
952
942
942
942
942
942
945
945
945
945
945
945
946
946
946
946
946
942
942
942
942
942
945
945
945
945
945
945
939
939
939
939
939
945
945
945
945
945
934
934
934
934
934
934
938
938
938
938
938
940
940
940
940
940
940
940
940
940
940
940
945
945
945
945
945
947
947
947
947
947
934
934
934
934
934
934
937
937
937
937
937
952
952
952
952
952
934
934
934
934
934
934
945
945
945
945
945
948
948
948
948
948
946
946
946
946
946
946
947
947
947
947
947
935
935
935
935
935
944
944
944
944
944
944
948
948
948
948
948
952
952
952
952
952
939
939
939
939
939
939
937
937
937
937
937
949
949
949
949
949
949
949
949
949
949
949
949
949
949
949
949
931
931
931
931
931
936
936
936
936
936
936
952
952
952
952
952
955
955
955
955
955
940
940
940
940
940
940
944
944
944
944
944
944
944
944
944
944
941
941
941
941
941
941
938
938
938
938
938
941
941
941
941
941
943
943
943
943
943
943
945
945
945
945
945
932
932
932
932
932
944
944
944
944
944
944
948
948
948
948
948
938
938
938
938
938
932
932
932
932
932
932
952
952
952
952
952
942
942
942
942
942
951
951
951
951
951
951
944
944
944
944
944
939
939
939
939
939
935
935
935
935
935
935
943
943
943
943
943
947
947
947
947
947
942
942
942
942
942
942
938
938
938
938
938
946
946
946
946
946
940
940
940
940
940
940
943
943
943
943
943
937
937
937
937
937
941
941
941
941
941
941
946
946
946
946
946
944
944
944
944
944
945
945
945
945
945
945
936
936
936
936
936
943
943
943
943
943
948
948
948
948
948
948
941
941
941
941
941
944
944
944
944
944
948
948
948
948
948
948
940
940
940
940
940
930
930
930
930
930
937
937
937
937
937
937
929
929
929
929
929
934
934
934
934
934
941
941
941
941
941
941
945
945
945
945
945
948
948
948
948
948
949
949
949
949
949
949
938
938
938
938
938
946
946
946
946
946
955
955
955
955
955
955
940
940
940
940
940
945
945
945
945
945
940
940
940
940
940
940
949
949
949
949
949
950
950
950
950
950
954
954
954
954
954
954
930
930
930
930
930
940
940
940
940
940
953
953
953
953
953
953
939
939
939
939
939
948
948
948
948
948
945
945
945
945
945
945
932
932
932
932
932
953
953
953
953
953
938
938
938
938
938
938
946
946
946
946
946
947
947
947
947
947
936
936
936
936
936
936
942
942
942
942
942
948
948
948
948
948
934
934
934
934
934
934
952
952
952
952
952
931
931
931
931
931
946
946
946
946
946
946
935
935
935
935
935
951
951
951
951
951
943
943
943
943
943
943
934
934
934
934
934
954
954
954
954
954
938
938
938
938
938
938
957
957
957
957
957
942
942
942
942
942
940
940
940
940
940
940
953
953
953
953
953
953
953
953
953
953
942
942
942
942
942
942
953
953
953
953
953
948
948
948
948
948
936
936
936
936
936
936
951
951
951
951
951
944
944
944
944
944
950
950
950
950
950
950
951
951
951
951
951
941
941
941
941
941
955
955
955
955
955
955
949
949
949
949
949
957
957
957
957
957
945
945
945
945
945
945
947
947
947
947
947
948
948
948
948
948
955
955
955
955
955
955
938
938
938
938
938
944
944
944
944
944
935
935
935
935
935
935
953
953
953
953
953
942
942
942
942
942
937
937
937
937
937
937
947
947
947
947
947
944
944
944
944
944
944
944
944
944
944
944
936
936
936
936
936
942
942
942
942
942
948
948
948
948
948
948
934
934
934
934
934
952
952
952
952
952
947
947
947
947
947
947
942
942
942
942
942
956
956
956
956
956
946
946
946
946
946
946
941
941
941
941
941
933
933
933
933
933
940
940
940
940
940
940
951
951
951
951
951
943
943
943
943
943
949
949
949
949
949
949
937
937
937
937
937
951
951
951
951
951
942
942
942
942
942
942
952
952
952
952
952
946
946
946
946
946
948
948
948
948
948
948
947
947
947
947
947
954
954
954
954
954
941
941
941
941
941
941
955
955
955
955
955
948
948
948
948
948
949
949
949
949
949
949
963
963
963
963
963
949
949
949
949
949
947
947
947
947
947
947
953
953
953
953
953
946
946
946
946
946
951
951
951
951
951
951
949
949
949
949
949
948
948
948
948
948
945
945
945
945
945
945
948
948
948
948
948
946
946
946
946
946
949
949
949
949
949
949
943
943
943
943
943
941
941
941
941
941
924
924
924
924
924
924
953
953
953
953
953
936
936
936
936
936
931
931
931
931
931
931
945
945
945
945
945
946
946
946
946
946
938
938
938
938
938
938
945
945
945
945
945
940
940
940
940
940
937
937
937
937
937
937
946
946
946
946
946
936
936
936
936
936
936
936
936
936
936
936
936
936
936
936
936
931
931
931
931
931
928
928
928
928
928
928
946
946
946
946
946
943
943
943
943
943
946
946
946
946
946
946
947
947
947
947
947
951
951
951
951
951
947
947
947
947
947
947
939
939
939
939
939
949
949
949
949
949
948
948
948
948
948
948
939
939
939
939
939
934
934
934
934
934
936
936
936
936
936
936
939
939
939
939
939
950
950
950
950
950
942
942
942
942
942
942
945
945
945
945
945
946
946
946
946
946
946
946
946
946
946
946
953
953
953
953
953
951
951
951
951
951
947
947
947
947
947
947
944
944
944
944
944
943
943
943
943
943
951
951
951
951
951
951
936
936
936
936
936
941
941
941
941
941
944
944
944
944
944
944
938
938
938
938
938
945
945
945
945
945
945
945
945
945
945
945
941
941
941
941
941
950
950
950
950
950
944
944
944
944
944
944
932
932
932
932
932
945
945
945
945
945
935
935
935
935
935
935
938
938
938
938
938
944
944
944
944
944
952
952
952
952
952
952
946
946
946
946
946
949
949
949
949
949
945
945
945
945
945
945
939
939
939
939
939
937
937
937
937
937
934
934
934
934
934
934
932
932
932
932
932
942
942
942
942
942
937
937
937
937
937
937
937
937
937
937
937
936
936
936
936
936
942
942
942
942
942
942
939
939
939
939
939
946
946
946
946
946
944
944
944
944
944
944
954
954
954
954
954
944
944
944
944
944
953
953
953
953
953
953
946
946
946
946
946
943
943
943
943
943
942
942
942
942
942
942
946
946
946
946
946
939
939
939
939
939
947
947
947
947
947
947
947
947
947
947
947
945
945
945
945
945
949
949
949
949
949
949
951
951
951
951
951
958
958
958
958
958
950
950
950
950
950
950
957
957
957
957
957
947
947
947
947
947
948
948
948
948
948
948
942
942
942
942
942
948
948
948
948
948
941
941
941
941
941
941
940
940
940
940
940
931
931
931
931
931
951
951
951
951
951
951
946
946
946
946
946
943
943
943
943
943
946
946
946
946
946
946
945
945
945
945
945
945
945
945
945
945
945
945
945
945
945
945
946
946
946
946
946
938
938
938
938
938
943
943
943
943
943
943
944
944
944
944
944
946
946
946
946
946
943
943
943
943
943
943
947
947
947
947
947
945
945
945
945
945
936
936
936
936
936
936
945
945
945
945
945
952
952
952
952
952
953
953
953
953
953
953
947
947
947
947
947
946
946
946
946
946
941
941
941
941
941
941
944
944
944
944
944
949
949
949
949
949
951
951
951
951
951
951
954
954
954
954
954
952
952
952
952
952
954
954
954
954
954
954
952
952
952
952
952
953
953
953
953
953
953
953
953
953
953
953
948
948
948
948
948
950
950
950
950
950
955
955
955
955
955
955
954
954
954
954
954
946
946
946
946
946
954
954
954
954
954
954
945
945
945
945
945
955
955
955
955
955
947
947
947
947
947
947
952
952
952
952
952
950
950
950
950
950
955
955
955
955
955
955
958
958
958
958
958
963
963
963
963
963
961
961
961
961
961
961
960
960
960
960
960
961
961
961
961
961
951
951
951
951
951
951
955
955
955
955
955
945
945
945
945
945
940
940
940
940
940
940
930
930
930
930
930
949
949
949
949
949
946
946
946
946
946
946
945
945
945
945
945
952
952
952
952
952
937
937
937
937
937
937
956
956
956
956
956
954
954
954
954
954
952
952
952
952
952
952
941
941
941
941
941
944
944
944
944
944
943
943
943
943
943
943
956
956
956
956
956
942
942
942
942
942
945
945
945
945
945
945
944
944
944
944
944
940
940
940
940
940
953
953
953
953
953
953
940
940
940
940
940
948
948
948
948
948
951
951
951
951
951
951
949
949
949
949
956
956
956
956
956
954
954
954
954
954
954
959
959
959
959
959
950
950
950
950
950
952
952
952
952
952
952
941
941
941
941
941
942
942
942
942
942
945
945
945
945
945
945
955
955
955
955
955
954
954
954
954
954
952
952
952
952
952
952
948
948
948
948
948
945
945
945
945
945
956
956
956
956
956
956
966
966
966
966
966
954
954
954
954
954
951
951
951
951
951
951
945
945
945
945
945
935
935
935
935
935
956
956
956
956
956
956
939
939
939
939
939
944
944
944
944
944
943
943
943
943
943
943
942
942
942
942
942
949
949
949
949
949
954
954
954
954
954
954
953
953
953
953
953
947
947
947
947
947
946
946
946
946
946
946
949
949
949
949
949
946
946
946
946
946
951
951
951
951
951
951
942
942
942
942
942
947
947
947
947
947
939
939
939
939
939
939
943
943
943
943
943
944
944
944
944
944
951
951
951
951
951
951
946
946
946
946
946
943
943
943
943
943
961
961
961
961
961
961
954
954
954
954
954
953
953
953
953
953
946
946
946
946
946
946
941
941
941
941
941
945
945
945
945
945
944
944
944
944
944
944
941
941
941
941
941
946
946
946
946
946
956
956
956
956
956
956
940
940
940
940
940
951
951
951
951
951
948
948
948
948
948
948
953
953
953
953
953
953
953
953
953
953
952
952
952
952
952
952
955
955
955
955
955
949
949
949
949
949
951
951
951
951
951
951
950
950
950
950
950
959
959
959
959
959
953
953
953
953
953
953
954
954
954
954
954
947
947
947
947
947
959
959
959
959
959
959
953
953
953
953
953
949
949
949
949
949
950
950
950
950
950
950
950
950
950
950
950
951
951
951
951
951
943
943
943
943
943
943
948
948
948
948
948
938
938
938
938
938
948
948
948
948
948
948
939
939
939
939
939
954
954
954
954
954
930
930
930
930
930
930
944
944
944
944
944
952
952
952
952
952
953
953
953
953
953
953
953
953
953
953
953
948
948
948
948
948
948
948
948
948
948
948
952
952
952
952
952
955
955
955
955
955
951
951
951
951
951
951
958
958
958
958
958
953
953
953
953
953
954
954
954
954
954
954
958
958
958
958
958
950
950
950
950
950
957
957
957
957
957
957
945
945
945
945
945
958
958
958
958
958
949
949
949
949
949
949
951
951
951
951
951
959
959
959
959
959
953
953
953
953
953
953
943
943
943
943
943
952
952
952
952
952
946
946
946
946
946
946
940
940
940
940
940
953
953
953
953
953
950
950
950
950
950
950
953
953
953
953
953
950
950
950
950
950
944
944
944
944
944
944
954
954
954
954
954
950
950
950
950
950
947
947
947
947
947
947
944
944
944
944
944
945
945
945
945
945
937
937
937
937
937
937
939
939
939
939
939
940
940
940
940
940
952
952
952
952
952
952
938
938
938
938
938
942
942
942
942
942
961
961
961
961
961
961
945
945
945
945
945
962
962
962
962
962
947
947
947
947
947
947
940
940
940
940
940
945
945
945
945
945
949
949
949
949
949
949
957
957
957
957
957
945
945
945
945
945
937
937
937
937
937
937
897
897
897
897
897
837
837
837
837
837
739
739
739
739
739
739
649
649
649
649
649
553
553
553
553
553
479
479
479
479
479
479
404
404
404
404
404
382
382
382
382
382
382
382
382
382
382
382
413
413
413
413
413
489
489
489
489
489
577
577
577
577
577
577
728
728
728
728
728
871
871
871
871
871
1024
1024
1024
1024
1024
1024
1122
1122
1122
1122
1122
1175
1175
1175
1175
1175
1179
1179
1179
1179
1179
1179
1123
1123
1123
1123
1123
1076
1076
1076
1076
1076
972
972
972
972
972
972
866
866
866
866
866
766
766
766
766
766
734
734
734
734
734
734
727
727
727
727
727
753
753
753
753
753
801
801
801
801
801
801
881
881
881
881
881
1016
1016
1016
1016
1016
1175
1175
1175
1175
1175
1175
1305
1305
1305
1305
1305
1352
1352
1352
1352
1352
1333
1333
1333
1333
1333
1333
1286
1286
1286
1286
1286
1207
1207
1207
1207
1207
1123
1123
1123
1123
1123
1123
1033
1033
1033
1033
1033
969
969
969
969
969
920
920
920
920
920
920
913
913
913
913
913
906
906
906
906
906
898
898
898
898
898
898
905
905
905
905
905
952
952
952
952
952
987
987
987
987
987
987
1013
1013
1013
1013
1013
978
978
978
978
978
916
916
916
916
916
916
846
846
846
846
846
773
773
773
773
773
690
690
690
690
690
690
597
597
597
597
597
578
578
578
578
578
612
612
612
612
612
612
708
708
708
708
708
830
830
830
830
830
943
943
943
943
943
943
1068
1068
1068
1068
1068
1206
1206
1206
1206
1206
1339
1339
1339
1339
1339
1339
1382
1382
1382
1382
1382
1388
1388
1388
1388
1388
1315
1315
1315
1315
1315
1315
1241
1241
1241
1241
1241
1123
1123
1123
1123
1123
995
995
995
995
995
995
885
885
885
885
885
778
778
778
778
778
728
728
728
728
728
728
737
737
737
737
737
790
790
790
790
790
852
852
852
852
852
852
928
928
928
928
928
994
994
994
994
994
1065
1065
1065
1065
1065
1065
1146
1146
1146
1146
1146
1178
1178
1178
1178
1178
1188
1188
1188
1188
1188
1188
1143
1143
1143
1143
1143
1074
1074
1074
1074
1074
997
997
997
997
997
997
926
926
926
926
926
873
873
873
873
873
856
856
856
856
856
856
856
856
856
856
856
859
859
859
859
859
872
872
872
872
872
872
907
907
907
907
907
938
938
938
938
938
971
971
971
971
971
971
968
968
968
968
968
956
956
956
956
956
910
910
910
910
910
910
866
866
866
866
866
823
823
823
823
823
794
794
794
794
794
794
798
798
798
798
798
806
806
806
806
806
824
824
824
824
824
824
874
874
874
874
874
939
939
939
939
939
1055
1055
1055
1055
1055
1055
1133
1133
1133
1133
1133
1192
1192
1192
1192
1192
1224
1224
1224
1224
1224
1224
1202
1202
1202
1202
1202
1159
1159
1159
1159
1159
1088
1088
1088
1088
1088
1088
1022
1022
1022
1022
1022
953
953
953
953
953
922
922
922
922
922
922
894
894
894
894
894
874
874
874
874
874
866
866
866
866
866
866
893
893
893
893
893
939
939
939
939
939
1004
1004
1004
1004
1004
1004
1060
1060
1060
1060
1060
1099
1099
1099
1099
1099
1121
1121
1121
1121
1121
1121
1135
1135
1135
1135
1135
1136
1136
1136
1136
1136
1096
1096
1096
1096
1096
1096
1036
1036
1036
1036
1036
965
965
965
965
965
926
926
926
926
926
926
903
903
903
903
903
876
876
876
876
876
865
865
865
865
865
865
883
883
883
883
883
894
894
894
894
894
951
951
951
951
951
951
975
975
975
975
975
998
998
998
998
998
1033
1033
1033
1033
1033
1033
995
995
995
995
995
938
938
938
938
938
833
833
833
833
833
833
733
733
733
733
733
693
693
693
693
693
711
711
711
711
711
711
805
805
805
805
805
892
892
892
892
892
981
981
981
981
981
981
1064
1064
1064
1064
1064
1146
1146
1146
1146
1146
1191
1191
1191
1191
1191
1191
1201
1201
1201
1201
1201
1158
1158
1158
1158
1158
1102
1102
1102
1102
1102
1102
1021
1021
1021
1021
1021
929
929
929
929
929
828
828
828
828
828
828
743
743
743
743
743
686
686
686
686
686
653
653
653
653
653
653
666
666
666
666
666
718
718
718
718
718
798
798
798
798
798
798
909
909
909
909
909
1006
1006
1006
1006
1006
1079
1079
1079
1079
1079
1079
1127
1127
1127
1127
1127
1152
1152
1152
1152
1152
1137
1137
1137
1137
1137
1137
1084
1084
1084
1084
1084
1032
1032
1032
1032
1032
973
973
973
973
973
973
926
926
926
926
926
890
890
890
890
890
860
860
860
860
860
860
828
828
828
828
828
806
806
806
806
806
792
792
792
792
792
792
806
806
806
806
806
830
830
830
830
830
855
855
855
855
855
855
911
911
911
911
911
943
943
943
943
943
969
969
969
969
969
969
977
977
977
977
977
980
980
980
980
980
948
948
948
948
948
948
924
924
924
924
924
894
894
894
894
894
897
897
897
897
897
897
890
890
890
890
890
919
919
919
919
919
936
936
936
936
936
936
943
943
943
943
943
942
942
942
942
942
925
925
925
925
925
925
929
929
929
929
929
921
921
921
921
921
922
922
922
922
922
922
912
912
912
912
912
935
935
935
935
935
937
937
937
937
937
937
957
957
957
957
957
972
972
972
972
972
964
964
964
964
964
964
975
975
975
975
975
967
967
967
967
967
948
948
948
948
948
948
920
920
920
920
920
894
894
894
894
894
902
902
902
902
902
902
930
930
930
930
930
933
933
933
933
933
923
923
923
923
923
923
916
916
916
916
916
945
945
945
945
945
985
985
985
985
985
985
1004
1004
1004
1004
1004
1012
1012
1012
1012
1012
1010
1010
1010
1010
1010
1010
1011
1011
1011
1011
1011
1006
1006
1006
1006
1006
969
969
969
969
969
969
928
928
928
928
928
876
876
876
876
876
867
867
867
867
867
867
878
878
878
878
878
870
870
870
870
870
876
876
876
876
876
876
886
886
886
886
886
928
928
928
928
928
974
974
974
974
974
974
990
990
990
990
990
991
991
991
991