976
976
979
979
979
979
979
978
978
978
978
978
985
985
985
985
985
985
987
987
987
987
987
978
978
978
978
978
978
978
978
978
978
978
968
968
968
968
968
975
975
975
975
975
980
980
980
980
980
980
951
951
951
951
951
970
970
970
970
970
982
982
982
982
982
982
955
955
955
955
955
978
978
978
978
978
973
973
973
973
973
973
1002
1002
1002
1002
1002
967
967
967
967
967
980
980
980
980
980
980
967
967
967
967
967
970
970
970
970
970
974
974
974
974
974
974
968
968
968
968
968
978
978
978
978
978
952
952
952
952
952
952
999
999
999
999
999
982
982
982
982
982
970
970
970
970
970
970
977
977
977
977
977
979
979
979
979
979
973
973
973
973
973
973
983
983
983
983
983
965
965
965
965
965
986
986
986
986
986
986
969
969
969
969
969
963
963
963
963
963
950
950
950
950
950
950
963
963
963
963
963
984
984
984
984
984
960
960
960
960
960
960
970
970
970
970
970
966
966
966
966
966
980
980
980
980
980
980
987
987
987
987
987
973
973
973
973
973
972
972
972
972
972
972
966
966
966
966
966
961
961
961
961
961
977
977
977
977
977
977
979
979
979
979
979
965
965
965
965
965
981
981
981
981
981
981
986
986
986
986
986
979
979
979
979
979
960
960
960
960
960
960
962
962
962
962
962
951
951
951
951
951
959
959
959
959
959
959
989
989
989
989
989
985
985
985
985
985
990
990
990
990
990
990
960
960
960
960
960
977
977
977
977
977
968
968
968
968
968
968
982
982
982
982
982
973
973
973
973
973
969
969
969
969
969
969
983
983
983
983
983
972
972
972
972
972
972
972
972
972
972
972
981
981
981
981
981
962
962
962
962
962
958
958
958
958
958
958
977
977
977
977
977
962
962
962
962
962
952
952
952
952
952
952
982
982
982
982
982
979
979
979
979
979
971
971
971
971
971
971
967
967
967
967
967
977
977
977
977
977
975
975
975
975
975
975
955
955
955
955
955
993
993
993
993
993
983
983
983
983
983
983
962
962
962
962
962
994
994
994
994
994
987
987
987
987
987
987
1005
1005
1005
1005
1005
988
988
988
988
988
965
965
965
965
965
965
968
968
968
968
968
970
970
970
970
970
974
974
974
974
974
974
952
952
952
952
952
996
996
996
996
996
966
966
966
966
966
966
993
993
993
993
993
976
976
976
976
976
986
986
986
986
986
986
968
968
968
968
968
984
984
984
984
984
968
968
968
968
968
968
975
975
975
975
975
958
958
958
958
958
1009
1009
1009
1009
1009
1009
962
962
962
962
962
974
974
974
974
974
915
915
915
915
915
915
820
820
820
820
820
737
737
737
737
737
695
695
695
695
695
695
677
677
677
677
677
697
697
697
697
697
731
731
731
731
731
731
898
898
898
898
898
1233
1233
1233
1233
1233
1470
1470
1470
1470
1470
1470
1535
1535
1535
1535
1535
1447
1447
1447
1447
1447
1369
1369
1369
1369
1369
1369
1270
1270
1270
1270
1270
1206
1206
1206
1206
1206
1265
1265
1265
1265
1265
1265
1346
1346
1346
1346
1346
1419
1419
1419
1419
1419
1507
1507
1507
1507
1507
1507
1603
1603
1603
1603
1603
1705
1705
1705
1705
1705
1622
1622
1622
1622
1622
1622
1345
1345
1345
1345
1345
939
939
939
939
939
718
718
718
718
718
718
635
635
635
635
635
588
588
588
588
588
578
578
578
578
578
578
582
582
582
582
582
615
615
615
615
615
659
659
659
659
659
659
735
735
735
735
735
872
872
872
872
872
1112
1112
1112
1112
1112
1112
1438
1438
1438
1438
1438
1850
1850
1850
1850
1850
2177
2177
2177
2177
2177
2177
2216
2216
2216
2216
2216
1919
1919
1919
1919
1919
1386
1386
1386
1386
1386
1386
896
896
896
896
896
687
687
687
687
687
642
642
642
642
642
642
622
622
622
622
622
728
728
728
728
728
1176
1176
1176
1176
1176
1176
2137
2137
2137
2137
2137
3205
3205
3205
3205
3205
3883
3883
3883
3883
3883
3883
4041
4041
4041
4041
4041
3728
3728
3728
3728
3728
2710
2710
2710
2710
2710
2710
1189
1189
1189
1189
1189
586
586
586
586
586
510
510
510
510
510
510
501
501
501
501
501
505
505
505
505
505
530
530
530
530
530
530
629
629
629
629
629
1515
1515
1515
1515
1515
3383
3383
3383
3383
3383
3383
4095
4095
4095
4095
4095
4095
4095
4095
4095
4095
4095
4095
4095
4095
4095
4095
4095
4095
4095
4095
4095
3987
3987
3987
3987
3987
3067
3067
3067
3067
3067
3067
2117
2117
2117
2117
2117
1391
1391
1391
1391
1391
971
971
971
971
971
971
779
779
779
779
779
728
728
728
728
728
800
800
800
800
800
800
1107
1107
1107
1107
1107
1631
1631
1631
1631
1631
2213
2213
2213
2213
2213
2213
2808
2808
2808
2808
2808
3215
3215
3215
3215
3215
3290
3290
3290
3290
3290
3290
3125
3125
3125
3125
3125
2950
2950
2950
2950
2950
2743
2743
2743
2743
2743
2743
2582
2582
2582
2582
2582
2571
2571
2571
2571
2571
2728
2728
2728
2728
2728
2728
2962
2962
2962
2962
2962
3081
3081
3081
3081
3081
3020
3020
3020
3020
3020
3020
2856
2856
2856
2856
2856
2493
2493
2493
2493
2493
1982
1982
1982
1982
1982
1982
1347
1347
1347
1347
1347
828
828
828
828
828
673
673
673
673
673
673
626
626
626
626
626
629
629
629
629
629
681
681
681
681
681
681
863
863
863
863
863
1503
1503
1503
1503
1503
2376
2376
2376
2376
2376
2376
3189
3189
3189
3189
3189
3669
3669
3669
3669
3669
3786
3786
3786
3786
3786
3786
3587
3587
3587
3587
3587
3209
3209
3209
3209
3209
2678
2678
2678
2678
2678
2678
2162
2162
2162
2162
2162
1714
1714
1714
1714
1714
1439
1439
1439
1439
1439
1439
1274
1274
1274
1274
1274
1204
1204
1204
1204
1204
1188
1188
1188
1188
1188
1188
1341
1341
1341
1341
1341
1545
1545
1545
1545
1545
1754
1754
1754
1754
1754
1754
2005
2005
2005
2005
2005
2267
2267
2267
2267
2267
2556
2556
2556
2556
2556
2556
2813
2813
2813
2813
2813
3105
3105
3105
3105
3105
3388
3388
3388
3388
3388
3388
3548
3548
3548
3548
3548
3518
3518
3518
3518
3518
3240
3240
3240
3240
3240
3240
2737
2737
2737
2737
2737
2205
2205
2205
2205
2205
1708
1708
1708
1708
1708
1708
1341
1341
1341
1341
1341
1105
1105
1105
1105
1105
1018
1018
1018
1018
1018
1018
1085
1085
1085
1085
1085
1280
1280
1280
1280
1280
1504
1504
1504
1504
1504
1504
1652
1652
1652
1652
1652
1673
1673
1673
1673
1673
1701
1701
1701
1701
1701
1701
1775
1775
1775
1775
1775
1887
1887
1887
1887
1887
1996
1996
1996
1996
1996
1996
2115
2115
2115
2115
2115
2270
2270
2270
2270
2270
2416
2416
2416
2416
2416
2416
2527
2527
2527
2527
2527
2518
2518
2518
2518
2518
2379
2379
2379
2379
2379
2379
2064
2064
2064
2064
2064
1663
1663
1663
1663
1663
1305
1305
1305
1305
1305
1305
1065
1065
1065
1065
1065
1017
1017
1017
1017
1017
1144
1144
1144
1144
1144
1144
1480
1480
1480
1480
1480
2062
2062
2062
2062
2062
2825
2825
2825
2825
2825
2825
3523
3523
3523
3523
3523
3955
3955
3955
3955
3955
4074
4074
4074
4074
4074
4074
3970
3970
3970
3970
3970
3596
3596
3596
3596
3596
2974
2974
2974
2974
2974
2974
2215
2215
2215
2215
2215
1492
1492
1492
1492
1492
1022
1022
1022
1022
1022
1022
844
844
844
844
844
832
832
832
832
832
966
966
966
966
966
966
1285
1285
1285
1285
1285
1712
1712
1712
1712
1712
2123
2123
2123
2123
2123
2123
2358
2358
2358
2358
2358
2401
2401
2401
2401
2401
2215
2215
2215
2215
2215
2215
1844
1844
1844
1844
1844
1396
1396
1396
1396
1396
1113
1113
1113
1113
1113
1113
1090
1090
1090
1090
1090
1339
1339
1339
1339
1339
1824
1824
1824
1824
1824
1824
2317
2317
2317
2317
2317
2759
2759
2759
2759
2759
3084
3084
3084
3084
3084
3084
3222
3222
3222
3222
3222
3144
3144
3144
3144
3144
2759
2759
2759
2759
2759
2759
2241
2241
2241
2241
2241
1699
1699
1699
1699
1699
1367
1367
1367
1367
1367
1367
1229
1229
1229
1229
1299
1299
1299
1299
1299
1557
1557
1557
1557
1557
1557
1915
1915
1915
1915
1915
2327
2327
2327
2327
2327
2769
2769
2769
2769
2769
2769
3082
3082
3082
3082
3082
3185
3185
3185
3185
3185
3116
3116
3116
3116
3116
3116
2830
2830
2830
2830
2830
2498
2498
2498
2498
2498
2075
2075
2075
2075
2075
2075
1773
1773
1773
1773
1773
1488
1488
1488
1488
1488
1295
1295
1295
1295
1295
1295
1248
1248
1248
1248
1248
1331
1331
1331
1331
1331
1495
1495
1495
1495
1495
1495
1678
1678
1678
1678
1678
1829
1829
1829
1829
1829
1922
1922
1922
1922
1922
1922
2031
2031
2031
2031
2031
2019
2019
2019
2019
2019
1901
1901
1901
1901
1901
1901
1795
1795
1795
1795
1795
1711
1711
1711
1711
1711
1777
1777
1777
1777
1777
1777
1948
1948
1948
1948
1948
2256
2256
2256
2256
2256
2510
2510
2510
2510
2510
2510
2767
2767
2767
2767
2767
2832
2832
2832
2832
2832
2842
2842
2842
2842
2842
2842
2715
2715
2715
2715
2715
2433
2433
2433
2433
2433
2034
2034
2034
2034
2034
2034
1595
1595
1595
1595
1595
1302
1302
1302
1302
1302
1166
1166
1166
1166
1166
1166
1196
1196
1196
1196
1196
1404
1404
1404
1404
1404
1680
1680
1680
1680
1680
1680
2055
2055
2055
2055
2055
2437
2437
2437
2437
2437
2781
2781
2781
2781
2781
2781
2977
2977
2977
2977
2977
3001
3001
3001
3001
3001
2813
2813
2813
2813
2813
2813
2537
2537
2537
2537
2537
2196
2196
2196
2196
2196
1892
1892
1892
1892
1892
1892
1636
1636
1636
1636
1636
1502
1502
1502
1502
1502
1564
1564
1564
1564
1564
1564
1651
1651
1651
1651
1651
1874
1874
1874
1874
1874
2008
2008
2008
2008
2008
2008
2223
2223
2223
2223
2223
2351
2351
2351
2351
2351
2347
2347
2347
2347
2347
2347
2281
2281
2281
2281
2281
2120
2120
2120
2120
2120
1917
1917
1917
1917
1917
1917
1711
1711
1711
1711
1711
1603
1603
1603
1603
1603
1537
1537
1537
1537
1537
1537
1611
1611
1611
1611
1611
1690
1690
1690
1690
1690
1881
1881
1881
1881
1881
1881
2050
2050
2050
2050
2050
2241
2241
2241
2241
2241
2392
2392
2392
2392
2392
2392
2410
2410
2410
2410
2410
2346
2346
2346
2346
2346
2198
2198
2198
2198
2198
2198
2099
2099
2099
2099
2099
2007
2007
2007
2007
2007
1920
1920
1920
1920
1920
1920
1899
1899
1899
1899
1899
1911
1911
1911
1911
1911
2021
2021
2021
2021
2021
2021
2127
2127
2127
2127
2127
2308
2308
2308
2308
2308
2439
2439
2439
2439
2439
2439
2573
2573
2573
2573
2573
2563
2563
2563
2563
2563
2501
2501
2501
2501
2501
2501
2313
2313
2313
2313
2313
2048
2048
2048
2048
2048
1833
1833
1833
1833
1833
1833
1563
1563
1563
1563
1563
1406
1406
1406
1406
1406
1284
1284
1284
1284
1284
1284
1341
1341
1341
1341
1341
1413
1413
1413
1413
1413
1605
1605
1605
1605
1605
1605
1819
1819
1819
1819
1819
2038
2038
2038
2038
2038
2201
2201
2201
2201
2201
2201
2313
2313
2313
2313
2313
2396
2396
2396
2396
2396
2350
2350
2350
2350
2350
2350
2322
2322
2322
2322
2322
2236
2236
2236
2236
2236
2223
2223
2223
2223
2223
2223
2213
2213
2213
2213
2213
2246
2246
2246
2246
2246
2283
2283
2283
2283
2283
2283
2347
2347
2347
2347
2347
2296
2296
2296
2296
2296
2229
2229
2229
2229
2229
2229
2074
2074
2074
2074
2074
1937
1937
1937
1937
1937
1839
1839
1839
1839
1839
1839
1766
1766
1766
1766
1766
1742
1742
1742
1742
1742
1813
1813
1813
1813
1813
1813
1925
1925
1925
1925
1925
2072
2072
2072
2072
2072
2192
2192
2192
2192
2192
2192
2277
2277
2277
2277
2277
2332
2332
2332
2332
2332
2308
2308
2308
2308
2308
2308
2244
2244
2244
2244
2244
2063
2063
2063
2063
2063
1914
1914
1914
1914
1914
1914
1722
1722
1722
1722
1722
1619
1619
1619
1619
1619
1588
1588
1588
1588
1588
1588
1577
1577
1577
1577
1577
1660
1660
1660
1660
1660
1756
1756
1756
1756
1756
1756
1887
1887
1887
1887
1887
2085
2085
2085
2085
2085
2227
2227
2227
2227
2227
2227
2340
2340
2340
2340
2340
2370
2370
2370
2370
2370
2274
2274
2274
2274
2274
2274
2221
2221
2221
2221
2221
2098
2098
2098
2098
2098
1994
1994
1994
1994
1994
1994
1918
1918
1918
1918
1918
1864
1864
1864
1864
1864
1929
1929
1929
1929
1929
1929
1986
1986
1986
1986
1986
2134
2134
2134
2134
2134
2310
2310
2310
2310
2310
2310
2414
2414
2414
2414
2414
2477
2477
2477
2477
2477
2437
2437
2437
2437
2437
2437
2289
2289
2289
2289
2289
2112
2112
2112
2112
2112
1882
1882
1882
1882
1882
1882
1698
1698
1698
1698
1698
1566
1566
1566
1566
1566
1544
1544
1544
1544
1544
1544
1652
1652
1652
1652
1652
1763
1763
1763
1763
1763
1925
1925
1925
1925
1925
1925
2114
2114
2114
2114
2114
2218
2218
2218
2218
2218
2280
2280
2280
2280
2280
2280
2254
2254
2254
2254
2254
2156
2156
2156
2156
2156
2008
2008
2008
2008
2008
2008
1862
1862
1862
1862
1862
1745
1745
1745
1745
1745
1686
1686
1686
1686
1686
1686
1678
1678
1678
1678
1678
1790
1790
1790
1790
1790
1883
1883
1883
1883
1883
1883
2047
2047
2047
2047
2047
2165
2165
2165
2165
2165
2281
2281
2281
2281
2281
2281
2305
2305
2305
2305
2305
2272
2272
2272
2272
2272
2216
2216
2216
2216
2216
2216
2156
2156
2156
2156
2156
2142
2142
2142
2142
2142
2116
2116
2116
2116
2116
2116
2130
2130
2130
2130
2130
2125
2125
2125
2125
2125
2149
2149
2149
2149
2149
2149
2155
2155
2155
2155
2155
2231
2231
2231
2231
2231
2242
2242
2242
2242
2242
2242
2263
2263
2263
2263
2263
2192
2192
2192
2192
2192
2095
2095
2095
2095
2095
2095
2037
2037
2037
2037
2037
1952
1952
1952
1952
1952
1892
1892
1892
1892
1892
1892
1783
1783
1783
1783
1783
1726
1726
1726
1726
1726
1706
1706
1706
1706
1706
1706
1677
1677
1677
1677
1677
1703
1703
1703
1703
1703
1757
1757
1757
1757
1757
1757
1841
1841
1841
1841
1841
1934
1934
1934
1934
1934
2022
2022
2022
2022
2022
2022
2104
2104
2104
2104
2104
2167
2167
2167
2167
2167
2190
2190
2190
2190
2190
2190
2122
2122
2122
2122
2122
2024
2024
2024
2024
2024
1893
1893
1893
1893
1893
1893
1781
1781
1781
1781
1781
1747
1747
1747
1747
1747
1786
1786
1786
1786
1786
1786
1874
1874
1874
1874
1874
2042
2042
2042
2042
2042
2167
2167
2167
2167
2167
2167
2308
2308
2308
2308
2308
2412
2412
2412
2412
2412
2444
2444
2444
2444
2444
2444
2456
2456
2456
2456
2456
2409
2409
2409
2409
2409
2303
2303
2303
2303
2303
2303
2197
2197
2197
2197
2197
2073
2073
2073
2073
2073
1983
1983
1983
1983
1983
1983
1893
1893
1893
1893
1893
1864
1864
1864
1864
1864
1866
1866
1866
1866
1866
1866
1849
1849
1849
1849
1849
1830
1830
1830
1830
1830
1852
1852
1852
1852
1852
1852
1875
1875
1875
1875
1875
1940
1940
1940
1940
1940
1922
1922
1922
1922
1922
1922
1971
1971
1971
1971
1971
2000
2000
2000
2000
2000
2056
2056
2056
2056
2056
2056
2107
2107
2107
2107
2107
2134
2134
2134
2134
2134
2180
2180
2180
2180
2180
2180
2187
2187
2187
2187
2187
2200
2200
2200
2200
2200
2203
2203
2203
2203
2203
2203
2130
2130
2130
2130
2130
2048
2048
2048
2048
2048
1915
1915
1915
1915
1915
1915
1825
1825
1825
1825
1825
1731
1731
1731
1731
1731
1629
1629
1629
1629
1629
1629
1653
1653
1653
1653
1653
1669
1669
1669
1669
1669
1781
1781
1781
1781
1781
1781
1905
1905
1905
1905
1905
2097
2097
2097
2097
2097
2266
2266
2266
2266
2266
2266
2357
2357
2357
2357
2357
2393
2393
2393
2393
2393
2357
2357
2357
2357
2357
2357
2286
2286
2286
2286
2286
2168
2168
2168
2168
2168
2046
2046
2046
2046
2046
2046
1948
1948
1948
1948
1948
1867
1867
1867
1867
1867
1818
1818
1818
1818
1818
1818
1854
1854
1854
1854
1854
1923
1923
1923
1923
1923
2041
2041
2041
2041
2041
2041
2120
2120
2120
2120
2120
2211
2211
2211
2211
2211
2223
2223
2223
2223
2223
2223
2193
2193
2193
2193
2193
2137
2137
2137
2137
2137
2067
2067
2067
2067
2067
2067
1919
1919
1919
1919
1919
1823
1823
1823
1823
1823
1752
1752
1752
1752
1752
1752
1770
1770
1770
1770
1770
1847
1847
1847
1847
1847
1947
1947
1947
1947
1947
1947
2091
2091
2091
2091
2091
2188
2188
2188
2188
2188
2249
2249
2249
2249
2249
2249
2249
2249
2249
2249
2249
2206
2206
2206
2206
2206
2061
2061
2061
2061
2061
2061
1955
1955
1955
1955
1955
1844
1844
1844
1844
1844
1811
1811
1811
1811
1811
1811
1769
1769
1769
1769
1769
1829
1829
1829
1829
1829
1910
1910
1910
1910
1910
1910
1990
1990
1990
1990
1990
2074
2074
2074
2074
2074
2105
2105
2105
2105
2105
2105
2126
2126
2126
2126
2126
2089
2089
2089
2089
2089
1982
1982
1982
1982
1982
1982
1914
1914
1914
1914
1914
1869
1869
1869
1869
1869
1851
1851
1851
1851
1851
1851
1866
1866
1866
1866
1866
1934
1934
1934
1934
1934
2014
2014
2014
2014
2014
2014
2103
2103
2103
2103
2103
2161
2161
2161
2161
2161
2176
2176
2176
2176
2176
2176
2212
2212
2212
2212
2212
2194
2194
2194
2194
2194
2168
2168
2168
2168
2168
2168
2115
2115
2115
2115
2115
2022
2022
2022
2022
2022
1995
1995
1995
1995
1995
1995
1932
1932
1932
1932
1932
1943
1943
1943
1943
1943
1914
1914
1914
1914
1914
1914
1931
1931
1931
1931
1931
1942
1942
1942
1942
1942
2002
2002
2002
2002
2002
2002
2023
2023
2023
2023
2023
2073
2073
2073
2073
2073
2081
2081
2081
2081
2081
2081
2087
2087
2087
2087
2087
2077
2077
2077
2077
2077
2066
2066
2066
2066
2066
2066
2020
2020
2020
2020
2020
2025
2025
2025
2025
2025
1987
1987
1987
1987
1987
1987
1994
1994
1994
1994
1994
2010
2010
2010
2010
2010
2004
2004
2004
2004
2004
2004
1992
1992
1992
1992
1992
1980
1980
1980
1980
1980
1979
1979
1979
1979
1979
1979
1924
1924
1924
1924
1924
1941
1941
1941
1941
1941
1900
1900
1900
1900
1900
1900
1915
1915
1915
1915
1915
1896
1896
1896
1896
1896
1911
1911
1911
1911
1911
1911
1946
1946
1946
1946
1946
1982
1982
1982
1982
1982
2013
2013
2013
2013
2013
2013
2079
2079
2079
2079
2079
2098
2098
2098
2098
2098
2117
2117
2117
2117
2117
2117
2144
2144
2144
2144
2144
2120
2120
2120
2120
2120
2107
2107
2107
2107
2107
2107
2053
2053
2053
2053
2053
2018
2018
2018
2018
2018
2019
2019
2019
2019
2019
2019
1997
1997
1997
1997
1997
2013
2013
2013
2013
2013
2035
2035
2035
2035
2035
2035
2035
2035
2035
2035
2035
2043
2043
2043
2043
2043
2014
2014
2014
2014
2014
2014
2006
2006
2006
2006
2006
1936
1936
1936
1936
1936
1883
1883
1883
1883
1883
1883
1825
1825
1825
1825
1825
1837
1837
1837
1837
1837
1841
1841
1841
1841
1841
1841
1928
1928
1928
1928
1928
2010
2010
2010
2010
2010
2109
2109
2109
2109
2109
2109
2137
2137
2137
2137
2137
2185
2185
2185
2185
2185
2154
2154
2154
2154
2154
2154
2113
2113
2113
2113
2113
2054
2054
2054
2054
2054
2039
2039
2039
2039
2039
2039
1960
1960
1960
1960
1960
1893
1893
1893
1893
1893
1884
1884
1884
1884
1884
1884
1883
1883
1883
1883
1883
1893
1893
1893
1893
1893
1914
1914
1914
1914
1914
1914
1936
1936
1936
1936
1936
1969
1969
1969
1969
1969
2047
2047
2047
2047
2047
2047
2097
2097
2097
2097
2097
2125
2125
2125
2125
2125
2161
2161
2161
2161
2161
2161
2188
2188
2188
2188
2188
2194
2194
2194
2194
2194
2160
2160
2160
2160
2160
2160
2151
2151
2151
2151
2151
2085
2085
2085
2085
2085
1994
1994
1994
1994
1994
1994
1901
1901
1901
1901
1901
1819
1819
1819
1819
1819
1766
1766
1766
1766
1766
1766
1746
1746
1746
1746
1746
1780
1780
1780
1780
1780
1838
1838
1838
1838
1838
1838
1908
1908
1908
1908
1908
1994
1994
1994
1994
1994
2075
2075
2075
2075
2075
2075
2153
2153
2153
2153
2153
2194
2194
2194
2194
2194
2189
2189
2189
2189
2189
2189
2139
2139
2139
2139
2139
2074
2074
2074
2074
2074
2007
2007
2007
2007
2007
2007
1887
1887
1887
1887
1887
1836
1836
1836
1836
1836
1799
1799
1799
1799
1799
1799
1774
1774
1774
1774
1774
1839
1839
1839
1839
1839
1912
1912
1912
1912
1912
1912
2021
2021
2021
2021
2021
2117
2117
2117
2117
2117
2211
2211
2211
2211
2211
2211
2260
2260
2260
2260
2260
2247
2247
2247
2247
2247
2253
2253
2253
2253
2253
2253
2155
2155
2155
2155
2155
2093
2093
2093
2093
2093
2033
2033
2033
2033
2033
2033
1878
1878
1878
1878
1878
1835
1835
1835
1835
1835
1799
1799
1799
1799
1799
1799
1772
1772
1772
1772
1772
1800
1800
1800
1800
1800
1836
1836
1836
1836
1836
1836
1921
1921
1921
1921
1921
2026
2026
2026
2026
2026
2095
2095
2095
2095
2095
2095
2132
2132
2132
2132
2132
2129
2129
2129
2129
2129
2051
2051
2051
2051
2051
2051
1972
1972
1972
1972
1972
1849
1849
1849
1849
1849
1805
1805
1805
1805
1805
1805
1765
1765
1765
1765
1765
1767
1767
1767
1767
1767
1865
1865
1865
1865
1865
1865
1950
1950
1950
1950
1950
2089
2089
2089
2089
2089
2240
2240
2240
2240
2240
2240
2261
2261
2261
2261
2261
2302
2302
2302
2302
2302
2235
2235
2235
2235
2235
2235
2138
2138
2138
2138
2138
2020
2020
2020
2020
2020
1857
1857
1857
1857
1857
1857
1763
1763
1763
1763
1763
1709
1709
1709
1709
1709
1715
1715
1715
1715
1715
1715
1772
1772
1772
1772
1772
1860
1860
1860
1860
1860
1960
1960
1960
1960
1960
1960
2057
2057
2057
2057
2057
2146
2146
2146
2146
2146
2179
2179
2179
2179
2179
2179
2136
2136
2136
2136
2136
2111
2111
2111
2111
2111
2033
2033
2033
2033
2033
2033
1971
1971
1971
1971
1971
1943
1943
1943
1943
1943
1919
1919
1919
1919
1919
1919
1919
1919
1919
1919
1919
1960
1960
1960
1960
1960
1972
1972
1972
1972
1972
1972
2015
2015
2015
2015
2044
2044
2044
2044
2044
2027
2027
2027
2027
2027
2027
2011
2011
2011
2011
2011
1938
1938
1938
1938
1938
1944
1944
1944
1944
1944
1944
1901
1901
1901
1901
1901
1939
1939
1939
1939
1939
1981
1981
1981
1981
1981
1981
2065
2065
2065
2065
2065
2117
2117
2117
2117
2117
2197
2197
2197
2197
2197
2197
2197
2197
2197
2197
2197
2176
2176
2176
2176
2176
2117
2117
2117
2117
2117
2117
1999
1999
1999
1999
1999
1896
1896
1896
1896
1896
1805
1805
1805
1805
1805
1805
1719
1719
1719
1719
1719
1688
1688
1688
1688
1688
1697
1697
1697
1697
1697
1697
1757
1757
1757
1757
1757
1785
1785
1785
1785
1785
1875
1875
1875
1875
1875
1875
1953
1953
1953
1953
1953
2042
2042
2042
2042
2042
2116
2116
2116
2116
2116
2116
2156
2156
2156
2156
2156
2184
2184
2184
2184
2184
2125
2125
2125
2125
2125
2125
2070
2070
2070
2070
2070
1987
1987
1987
1987
1987
1933
1933
1933
1933
1933
1933
1808
1808
1808
1808
1808
1812
1812
1812
1812
1812
1826
1826
1826
1826
1826
1826
1913
1913
1913
1913
1913
2026
2026
2026
2026
2026
2135
2135
2135
2135
2135
2135
2226
2226
2226
2226
2226
2319
2319
2319
2319
2319
2375
2375
2375
2375
2375
2375
2315
2315
2315
2315
2315
2232
2232
2232
2232
2232
2090
2090
2090
2090
2090
2090
1929
1929
1929
1929
1929
1848
1848
1848
1848
1848
1739
1739
1739
1739
1739
1739
1689
1689
1689
1689
1689
1695
1695
1695
1695
1695
1769
1769
1769
1769
1769
1769
1849
1849
1849
1849
1849
1944
1944
1944
1944
1944
2011
2011
2011
2011
2011
2011
2050
2050
2050
2050
2050
2090
2090
2090
2090
2090
2071
2071
2071
2071
2071
2071
2052
2052
2052
2052
2052
1984
1984
1984
1984
1984
1971
1971
1971
1971
1971
1971
1922
1922
1922
1922
1922
1892
1892
1892
1892
1892
1889
1889
1889
1889
1889
1889
1877
1877
1877
1877
1877
1880
1880
1880
1880
1880
1852
1852
1852
1852
1852
1852
1872
1872
1872
1872
1872
1882
1882
1882
1882
1882
1918
1918
1918
1918
1918
1918
1903
1903
1903
1903
1903
1960
1960
1960
1960
1960
2014
2014
2014
2014
2014
2014
2061
2061
2061
2061
2061
2121
2121
2121
2121
2121
2136
2136
2136
2136
2136
2136
2171
2171
2171
2171
2171
2163
2163
2163
2163
2163
2118
2118
2118
2118
2118
2118
2092
2092
2092
2092
2092
2029
2029
2029
2029
2029
1985
1985
1985
1985
1985
1985
1916
1916
1916
1916
1916
1902
1902
1902
1902
1902
1862
1862
1862
1862
1862
1862
1896
1896
1896
1896
1896
1860
1860
1860
1860
1860
1913
1913
1913
1913
1913
1913
1915
1915
1915
1915
1915
1946
1946
1946
1946
1946
1959
1959
1959
1959
1959
1959
1981
1981
1981
1981
1981
1994
1994
1994
1994
1994
2025
2025
2025
2025
2025
2025
2006
2006
2006
2006
2006
1979
1979
1979
1979
1979
2027
2027
2027
2027
2027
2027
2001
2001
2001
2001
2001
2005
2005
2005
2005
2005
1956
1956
1956
1956
1956
1956
1940
1940
1940
1940
1940
1939
1939
1939
1939
1939
1918
1918
1918
1918
1918
1918
1920
1920
1920
1920
1920
1927
1927
1927
1927
1927
1918
1918
1918
1918
1918
1918
1928
1928
1928
1928
1928
1943
1943
1943
1943
1943
1913
1913
1913
1913
1913
1913
1969
1969
1969
1969
1969
1930
1930
1930
1930
1930
1977
1977
1977
1977
1977
1977
1963
1963
1963
1963
1963
1970
1970
1970
1970
1970
1994
1994
1994
1994
1994
1994
2004
2004
2004
2004
2004
2017
2017
2017
2017
2017
2003
2003
2003
2003
2003
2003
2001
2001
2001
2001
2001
1995
1995
1995
1995
1995
1992
1992
1992
1992
1992
1992
2002
2002
2002
2002
2002
1980
1980
1980
1980
1980
1959
1959
1959
1959
1959
1959
1919
1919
1919
1919
1919
1900
1900
1900
1900
1900
1870
1870
1870
1870
1870
1870
1885
1885
1885
1885
1885
1885
1885
1885
1885
1885
1959
1959
1959
1959
1959
1959
1975
1975
1975
1975
1975
2023
2023
2023
2023
2023
2074
2074
2074
2074
2074
2074
2077
2077
2077
2077
2077
2114
2114
2114
2114
2114
2047
2047
2047
2047
2047
2047
2037
2037
2037
2037
2037
1959
1959
1959
1959
1959
1958
1958
1958
1958
1958
1958
1883
1883
1883
1883
1883
1884
1884
1884
1884
1884
1845
1845
1845
1845
1845
1845
1894
1894
1894
1894
1894
1908
1908
1908
1908
1908
1929
1929
1929
1929
1929
1929
1982
1982
1982
1982
1982
1991
1991
1991
1991
1991
2007
2007
2007
2007
2007
2007
2021
2021
2021
2021
2021
2031
2031
2031
2031
2031
1983
1983
1983
1983
1983
1983
1964
1964
1964
1964
1964
1947
1947
1947
1947
1947
1928
1928
1928
1928
1928
1928
1893
1893
1893
1893
1893
1900
1900
1900
1900
1900
1919
1919
1919
1919
1919
1919
1931
1931
1931
1931
1931
2024
2024
2024
2024
2024
2054
2054
2054
2054
2054
2054
2064
2064
2064
2064
2064
2053
2053
2053
2053
2053
2023
2023
2023
2023
2023
2023
2020
2020
2020
2020
2020
1974
1974
1974
1974
1974
1907
1907
1907
1907
1907
1907
1916
1916
1916
1916
1916
1864
1864
1864
1864
1864
1912
1912
1912
1912
1912
1912
1937
1937
1937
1937
1937
1978
1978
1978
1978
1978
2054
2054
2054
2054
2054
2054
2085
2085
2085
2085
2085
2102
2102
2102
2102
2102
2050
2050
2050
2050
2050
2050
2030
2030
2030
2030
2030
1998
1998
1998
1998
1998
1934
1934
1934
1934
1934
1934
1915
1915
1915
1915
1915
1894
1894
1894
1894
1894
1914
1914
1914
1914
1914
1914
1871
1871
1871
1871
1871